# ground truth trajectory
# timestamp tx ty tz qx qy qz qw
1548266065.42743 -1.03994 -2.05637 1.79143 -0.147814 -0.0186838 -0.260693 0.953856
1548266065.46067 -1.03655 -2.05945 1.78638 -0.149682 -0.0144978 -0.258225 0.954309
1548266065.49432 -1.0339 -2.06279 1.78113 -0.148577 -0.0107448 -0.259027 0.954314
1548266065.52773 -1.03213 -2.06625 1.77623 -0.144519 -0.0129073 -0.256285 0.955649
1548266065.56108 -1.03112 -2.06915 1.77112 -0.14199 -0.0143572 -0.253191 0.956832
1548266065.59457 -1.03005 -2.0717 1.76587 -0.14036 -0.0118942 -0.257501 0.955956
1548266065.62777 -1.02942 -2.07459 1.76077 -0.140001 -0.00906139 -0.256304 0.956361
1548266065.66100 -1.02868 -2.07679 1.75553 -0.134188 -0.0140788 -0.257628 0.956778
1548266065.69454 -1.02825 -2.08012 1.75019 -0.139626 -0.00771582 -0.257126 0.956207
1548266065.72767 -1.02689 -2.08281 1.74487 -0.136706 -0.00916529 -0.256523 0.956778
1548266065.76120 -1.02573 -2.08646 1.73913 -0.137061 -0.00844927 -0.250087 0.958436
1548266065.79428 -1.02551 -2.08955 1.73294 -0.131642 -0.00716755 -0.255734 0.957716
1548266065.82769 -1.02414 -2.09362 1.72682 -0.129508 -0.00688112 -0.256911 0.957694
1548266065.86089 -1.02167 -2.09866 1.72066 -0.129219 -0.00502247 -0.251967 0.959057
1548266065.89442 -1.0201 -2.10347 1.71432 -0.120964 -0.00784515 -0.253038 0.959832
1548266065.92763 -1.01857 -2.10797 1.70778 -0.114036 -0.00652408 -0.257954 0.959382
1548266065.96112 -1.0171 -2.11261 1.70144 -0.108012 -0.0046842 -0.258612 0.959912
1548266065.99413 -1.01559 -2.11665 1.6951 -0.106653 -0.00557184 -0.256972 0.9605
1548266066.02758 -1.01461 -2.12015 1.68842 -0.108803 -0.00408808 -0.255648 0.960619
1548266066.06087 -1.01281 -2.12528 1.6827 -0.10327 -0.00318692 -0.256861 0.96091
1548266066.09411 -1.01155 -2.12949 1.67666 -0.102017 -0.00105209 -0.253951 0.961821
1548266066.12739 -1.011 -2.13311 1.67047 -0.101429 -0.000545788 -0.25108 0.962637
1548266066.16102 -1.01004 -2.13828 1.66487 -0.0992344 0.000304597 -0.253093 0.962339
1548266066.19436 -1.00922 -2.14329 1.65918 -0.0958375 0.00216143 -0.250876 0.963261
1548266066.22742 -1.00873 -2.14819 1.65351 -0.0957885 0.00222127 -0.247993 0.964012
1548266066.26077 -1.00892 -2.15316 1.64768 -0.0963498 0.00409288 -0.247423 0.964096
1548266066.29410 -1.00884 -2.15947 1.64239 -0.0915922 0.00584118 -0.24693 0.964677
1548266066.32776 -1.00939 -2.1649 1.63661 -0.0910124 0.00452406 -0.241808 0.966036
1548266066.36127 -1.01049 -2.16992 1.63054 -0.093961 0.00394979 -0.235949 0.967204
1548266066.39431 -1.0115 -2.17573 1.62486 -0.0916579 0.00445894 -0.23478 0.967707
1548266066.42780 -1.01255 -2.18172 1.61946 -0.0876864 0.00292027 -0.230286 0.96916
1548266066.46100 -1.01381 -2.18711 1.61359 -0.0867543 0.000221904 -0.224208 0.970672
1548266066.49434 -1.01478 -2.19287 1.60782 -0.0857836 -0.000627838 -0.218278 0.972109
1548266066.52756 -1.01568 -2.19865 1.60197 -0.0847737 -0.00207311 -0.212053 0.973572
1548266066.56092 -1.01587 -2.20467 1.59615 -0.0840268 -0.00112532 -0.208243 0.97446
1548266066.59443 -1.01576 -2.21069 1.59074 -0.0826639 -0.00135812 -0.203094 0.975663
1548266066.62749 -1.01541 -2.21641 1.58537 -0.0834455 -0.000334227 -0.196713 0.976904
1548266066.66126 -1.01496 -2.22196 1.58013 -0.0830382 -0.000718408 -0.190904 0.97809
1548266066.69436 -1.01424 -2.22765 1.57525 -0.0831479 1.65892e-05 -0.184771 0.979258
1548266066.72751 -1.01325 -2.23373 1.57058 -0.0830612 0.00182226 -0.180038 0.980145
1548266066.76087 -1.01223 -2.24019 1.56594 -0.082289 0.0035571 -0.175617 0.981007
1548266066.79442 -1.01174 -2.24684 1.56124 -0.0813526 0.00399704 -0.169014 0.982242
1548266066.82761 -1.01201 -2.25364 1.55669 -0.0794962 0.00377062 -0.163664 0.983301
1548266066.86067 -1.01274 -2.26053 1.55242 -0.0780423 0.00226508 -0.157845 0.984373
1548266066.89437 -1.01383 -2.26774 1.54817 -0.075148 0.000612571 -0.151104 0.985657
1548266066.92759 -1.01493 -2.27562 1.54426 -0.0740426 6.41079e-05 -0.148164 0.986187
1548266066.96084 -1.01615 -2.28328 1.54087 -0.0717766 -0.00122496 -0.143626 0.987025
1548266066.99423 -1.01709 -2.2912 1.53789 -0.068859 -0.00372623 -0.139059 0.98788
1548266067.02757 -1.01785 -2.29845 1.53522 -0.0672414 -0.00311848 -0.134387 0.98864
1548266067.06088 -1.0178 -2.3058 1.53322 -0.0637404 -0.00449867 -0.132087 0.989176
1548266067.09427 -1.0178 -2.31219 1.5323 -0.0619325 -0.00744882 -0.126838 0.98996
1548266067.12796 -1.01715 -2.31855 1.53157 -0.0605572 -0.00912701 -0.121167 0.990741
1548266067.16118 -1.01622 -2.32465 1.53118 -0.0605817 -0.00794357 -0.116215 0.991343
1548266067.19429 -1.0149 -2.33108 1.53201 -0.0586863 -0.0105938 -0.108269 0.992331
1548266067.22757 -1.01385 -2.33561 1.53232 -0.0652318 -0.0102221 -0.0981946 0.992974
1548266067.26079 -1.01277 -2.34114 1.53369 -0.0543242 -0.0177398 -0.0982322 0.993521
1548266067.29421 -1.01125 -2.34649 1.53489 -0.0536826 -0.019587 -0.0922682 0.994093
1548266067.32789 -1.00956 -2.35153 1.53608 -0.0541227 -0.0221047 -0.0857661 0.994599
1548266067.36114 -1.00801 -2.35631 1.5374 -0.0556675 -0.0245188 -0.0759242 0.995256
1548266067.39431 -1.00643 -2.36163 1.53912 -0.0545687 -0.0288934 -0.069296 0.995683
1548266067.42767 -1.00494 -2.36626 1.54095 -0.0554495 -0.0309088 -0.0615581 0.996083
1548266067.46077 -1.0032 -2.37118 1.54341 -0.0519539 -0.0351761 -0.0562524 0.996443
1548266067.49425 -1.00159 -2.37516 1.5457 -0.0547134 -0.0398168 -0.0439271 0.99674
1548266067.52767 -1.00019 -2.37942 1.54828 -0.053849 -0.0464481 -0.0312017 0.99698
1548266067.56052 -0.998103 -2.38399 1.55122 -0.0515457 -0.0521112 -0.0213768 0.997081
1548266067.59418 -0.995784 -2.38825 1.55438 -0.0504713 -0.0545207 -0.012027 0.997164
1548266067.62773 -0.993287 -2.39228 1.5574 -0.053651 -0.0572123 -0.00400345 0.996911
1548266067.66100 -0.990913 -2.39652 1.56116 -0.0490499 -0.0605077 0.00245101 0.996959
1548266067.69440 -0.988806 -2.39967 1.56467 -0.0519278 -0.0621917 0.0095516 0.996667
1548266067.72783 -0.986964 -2.40279 1.56847 -0.0515534 -0.0644885 0.0138509 0.99649
1548266067.76105 -0.985232 -2.40515 1.57241 -0.0511218 -0.0654458 0.0201875 0.996341
1548266067.79413 -0.983393 -2.40731 1.57632 -0.0531611 -0.067587 0.0248171 0.995987
1548266067.82730 -0.981045 -2.40948 1.58023 -0.0563375 -0.0658724 0.0261988 0.995892
1548266067.86061 -0.979021 -2.41146 1.58459 -0.057479 -0.0660512 0.0312208 0.99567
1548266067.89420 -0.976998 -2.41379 1.58908 -0.0573814 -0.0664221 0.0319773 0.995627
1548266067.92774 -0.975209 -2.41598 1.59395 -0.0564305 -0.065846 0.0334106 0.995672
1548266067.96115 -0.973842 -2.41733 1.59916 -0.0592572 -0.0662236 0.0358119 0.9954
1548266067.99433 -0.972945 -2.41827 1.60464 -0.0627444 -0.066607 0.0359671 0.995155
1548266068.02755 -0.971825 -2.41954 1.61033 -0.0628944 -0.0676302 0.0367411 0.995048
1548266068.06083 -0.971175 -2.42063 1.61618 -0.0625029 -0.0702648 0.0404868 0.994745
1548266068.09422 -0.970417 -2.42098 1.62154 -0.0685417 -0.0724784 0.0437894 0.994048
1548266068.12776 -0.96966 -2.42232 1.62744 -0.0652755 -0.0742082 0.0453931 0.994068
1548266068.16129 -0.968976 -2.42288 1.63306 -0.0672597 -0.0765758 0.0483489 0.993617
1548266068.19433 -0.968516 -2.42321 1.63882 -0.0682615 -0.0796447 0.0515002 0.993149
1548266068.22782 -0.967527 -2.42351 1.64451 -0.0693349 -0.0798664 0.0519365 0.993034
1548266068.26110 -0.966359 -2.42336 1.65028 -0.072457 -0.0809718 0.0531696 0.992656
1548266068.29429 -0.965721 -2.42283 1.65625 -0.0731914 -0.0826437 0.055241 0.992352
1548266068.32772 -0.965082 -2.42164 1.66204 -0.0785493 -0.085031 0.0547185 0.991769
1548266068.36079 -0.964344 -2.4206 1.66832 -0.0794759 -0.0870449 0.0571965 0.991381
1548266068.39414 -0.963786 -2.41916 1.67439 -0.0807325 -0.0902556 0.0608221 0.990776
1548266068.42772 -0.962859 -2.41796 1.68026 -0.0820707 -0.0926221 0.0602862 0.99048
1548266068.46102 -0.961077 -2.41717 1.68609 -0.0808922 -0.092709 0.0596622 0.990607
1548266068.49403 -0.959142 -2.4161 1.69155 -0.0825798 -0.0937636 0.0598549 0.990357
1548266068.52773 -0.957391 -2.41489 1.69664 -0.083186 -0.0972694 0.0604227 0.989933
1548266068.56053 -0.954365 -2.41413 1.70149 -0.0810501 -0.0957548 0.0609547 0.990225
1548266068.59422 -0.9515 -2.41271 1.70584 -0.0822303 -0.097203 0.062313 0.989902
1548266068.62768 -0.948329 -2.41084 1.70963 -0.0839911 -0.0981002 0.0646541 0.989516
1548266068.66076 -0.944806 -2.40872 1.71302 -0.0855373 -0.0999753 0.0662599 0.98909
1548266068.69423 -0.94083 -2.40677 1.71662 -0.084094 -0.100678 0.0687867 0.98897
1548266068.72786 -0.937058 -2.40422 1.71978 -0.085187 -0.101059 0.0710579 0.988676
1548266068.76101 -0.932144 -2.40249 1.72301 -0.0814139 -0.101498 0.0718588 0.988891
1548266068.79434 -0.927439 -2.39963 1.72587 -0.0856943 -0.101982 0.0737893 0.988338
1548266068.82763 -0.922339 -2.39737 1.72892 -0.0845137 -0.10174 0.0761939 0.988282
1548266068.86117 -0.917157 -2.39465 1.73175 -0.0849903 -0.100535 0.0803925 0.988032
1548266068.89451 -0.91133 -2.39199 1.73443 -0.086322 -0.0996513 0.0844296 0.987669
1548266068.92791 -0.905781 -2.38965 1.73729 -0.0836284 -0.101355 0.0890417 0.987322
1548266068.96103 -0.899492 -2.38714 1.73979 -0.084207 -0.100628 0.0939278 0.986895
1548266068.99447 -0.893401 -2.3847 1.74216 -0.0825317 -0.100052 0.0996398 0.986534
1548266069.02748 -0.887289 -2.38195 1.74407 -0.0842956 -0.100127 0.103765 0.985952
1548266069.06097 -0.881151 -2.37971 1.74574 -0.0821227 -0.100166 0.110938 0.98535
1548266069.09414 -0.87485 -2.37711 1.74683 -0.0834737 -0.0998355 0.115982 0.984689
1548266069.12763 -0.868874 -2.37497 1.74766 -0.0806265 -0.100182 0.119941 0.984417
1548266069.16077 -0.863062 -2.37222 1.7479 -0.0812624 -0.0999601 0.126163 0.983609
1548266069.19392 -0.857155 -2.36961 1.74781 -0.0807188 -0.100014 0.130698 0.983056
1548266069.22728 -0.851463 -2.36717 1.74735 -0.0795942 -0.0988254 0.133727 0.982861
1548266069.26070 -0.846229 -2.36421 1.74652 -0.0794558 -0.0987678 0.138334 0.98224
1548266069.29415 -0.841052 -2.3613 1.74537 -0.0793866 -0.0980302 0.141535 0.981863
1548266069.32727 -0.836087 -2.35858 1.74373 -0.0794338 -0.0972983 0.14327 0.981681
1548266069.36090 -0.831173 -2.35606 1.74178 -0.0803177 -0.0963602 0.147047 0.981143
1548266069.39422 -0.826237 -2.35391 1.73965 -0.0789225 -0.0959805 0.150939 0.980702
1548266069.42761 -0.820963 -2.35206 1.73725 -0.0782309 -0.0947722 0.154151 0.980375
1548266069.46100 -0.815509 -2.3504 1.7346 -0.0779455 -0.0927276 0.157147 0.980118
1548266069.49404 -0.810278 -2.34908 1.73197 -0.0760057 -0.0909783 0.159962 0.979979
1548266069.52777 -0.805467 -2.34814 1.72926 -0.0751393 -0.0896076 0.162368 0.979776
1548266069.56108 -0.801205 -2.3475 1.7264 -0.073734 -0.0884172 0.164417 0.979649
1548266069.59440 -0.797113 -2.34708 1.72358 -0.0732504 -0.0870303 0.166203 0.979508
1548266069.62786 -0.793372 -2.3468 1.72071 -0.0722661 -0.085573 0.167585 0.979474
1548266069.66115 -0.790054 -2.34638 1.71769 -0.0716119 -0.0842472 0.168318 0.979512
1548266069.69437 -0.786965 -2.34618 1.71469 -0.072266 -0.0818104 0.166452 0.979989
1548266069.72774 -0.784473 -2.34621 1.71145 -0.0721816 -0.0802118 0.162397 0.980807
1548266069.76114 -0.782585 -2.3464 1.7079 -0.0719516 -0.0791471 0.163197 0.980778
1548266069.79428 -0.780851 -2.34702 1.70397 -0.070912 -0.0783521 0.16147 0.981203
1548266069.82776 -0.778817 -2.34805 1.69979 -0.0704722 -0.0753464 0.157399 0.982131
1548266069.86123 -0.777006 -2.34924 1.6953 -0.0690242 -0.0726669 0.155154 0.982793
1548266069.89443 -0.77554 -2.35056 1.69065 -0.0685238 -0.0701592 0.15244 0.983435
1548266069.92762 -0.774512 -2.35228 1.68591 -0.0664325 -0.0664748 0.146648 0.984714
1548266069.96090 -0.774025 -2.35363 1.68109 -0.0655253 -0.0635941 0.141628 0.9857
1548266069.99434 -0.773915 -2.35464 1.67623 -0.065184 -0.0616273 0.139821 0.986105
1548266070.02746 -0.77351 -2.35592 1.67131 -0.0640276 -0.0583843 0.135032 0.987045
1548266070.06065 -0.772749 -2.35745 1.66646 -0.0628933 -0.0531362 0.128624 0.98827
1548266070.09419 -0.772485 -2.35854 1.66177 -0.0629744 -0.0489811 0.124761 0.988974
1548266070.12772 -0.772851 -2.3597 1.65733 -0.061953 -0.0459187 0.120362 0.98973
1548266070.16112 -0.773606 -2.36089 1.65303 -0.0611231 -0.0418805 0.113024 0.990826
1548266070.19416 -0.774922 -2.36183 1.64877 -0.0614751 -0.0399144 0.108652 0.991374
1548266070.22772 -0.776911 -2.36263 1.64482 -0.0598187 -0.0387347 0.105222 0.991892
1548266070.26100 -0.778829 -2.36303 1.64066 -0.0607076 -0.0358863 0.0991904 0.992566
1548266070.29438 -0.780619 -2.36329 1.63672 -0.0611306 -0.0334062 0.0947102 0.993064
1548266070.32755 -0.782441 -2.36336 1.63293 -0.0604731 -0.0304961 0.0914074 0.993508
1548266070.36099 -0.78433 -2.36329 1.62915 -0.061187 -0.0278133 0.0865128 0.993981
1548266070.39474 -0.786448 -2.36308 1.62553 -0.0614046 -0.0247774 0.0812667 0.99449
1548266070.42806 -0.788937 -2.36291 1.62202 -0.0635558 -0.0229948 0.07691 0.994745
1548266070.46124 -0.791649 -2.36318 1.61872 -0.0627709 -0.02027 0.0695522 0.995395
1548266070.49441 -0.794705 -2.36342 1.61553 -0.0625444 -0.0179234 0.0641081 0.99582
1548266070.52793 -0.798338 -2.36341 1.61247 -0.0650442 -0.0158227 0.0575055 0.996098
1548266070.56085 -0.802889 -2.36345 1.60987 -0.0653125 -0.013626 0.0498944 0.996524
1548266070.59459 -0.808015 -2.36343 1.6075 -0.0653801 -0.0136818 0.0440437 0.996794
1548266070.62797 -0.813118 -2.36288 1.60486 -0.0689762 -0.0136624 0.0405076 0.996702
1548266070.66127 -0.818381 -2.36274 1.60246 -0.070359 -0.0133171 0.0331982 0.99688
1548266070.69440 -0.823255 -2.36287 1.60027 -0.0695776 -0.0129489 0.0271626 0.997123
1548266070.72772 -0.827995 -2.36315 1.59822 -0.0693374 -0.0133413 0.0210479 0.997282
1548266070.76110 -0.832752 -2.36374 1.59586 -0.0721125 -0.0107393 0.0159125 0.997212
1548266070.79420 -0.837602 -2.36509 1.59372 -0.0721265 -0.00893283 0.0071193 0.99733
1548266070.82746 -0.842841 -2.36636 1.59166 -0.0722786 -0.00855944 -0.00105372 0.997347
1548266070.86089 -0.848679 -2.36771 1.5896 -0.0721058 -0.00858291 -0.00719554 0.997334
1548266070.89421 -0.854531 -2.3694 1.58735 -0.0729716 -0.00574098 -0.0152214 0.997201
1548266070.92764 -0.861182 -2.37119 1.58571 -0.071642 -0.00566318 -0.0230502 0.997148
1548266070.96100 -0.867621 -2.37314 1.58432 -0.0676587 -0.00679237 -0.0332382 0.997132
1548266070.99402 -0.874032 -2.3739 1.58283 -0.0706426 -0.00559872 -0.0405857 0.99666
1548266071.02752 -0.879383 -2.37518 1.58217 -0.0688453 -0.00534465 -0.0488976 0.996414
1548266071.06106 -0.884755 -2.37601 1.58246 -0.0655129 -0.0058523 -0.053547 0.996397
1548266071.09426 -0.889588 -2.37632 1.58335 -0.0679559 -0.00439515 -0.0590857 0.995928
1548266071.12782 -0.893728 -2.37699 1.58531 -0.0661631 -0.00293475 -0.0684306 0.995455
1548266071.16119 -0.897957 -2.37646 1.58797 -0.066107 -0.00289279 -0.072026 0.995205
1548266071.19450 -0.902123 -2.37535 1.59103 -0.0676407 -0.00256806 -0.0795578 0.994529
1548266071.22780 -0.906005 -2.37351 1.59463 -0.0697172 -0.00263821 -0.0840058 0.99402
1548266071.26095 -0.909602 -2.37165 1.59881 -0.0687623 -0.00657394 -0.0885814 0.993671
1548266071.29440 -0.91247 -2.3688 1.60264 -0.0740968 -0.00590946 -0.0926212 0.992923
1548266071.32792 -0.91393 -2.36619 1.60653 -0.0778512 -0.00453113 -0.096826 0.992242
1548266071.36123 -0.91495 -2.36343 1.61061 -0.0806744 -0.00453036 -0.0973126 0.991968
1548266071.39440 -0.915303 -2.36132 1.61522 -0.079473 -0.00756118 -0.103322 0.991439
1548266071.42788 -0.91499 -2.35813 1.61901 -0.0870197 -0.00472907 -0.104387 0.990711
1548266071.46114 -0.914332 -2.35555 1.6235 -0.0906303 -0.00405458 -0.103078 0.990527
1548266071.49454 -0.91378 -2.35279 1.62775 -0.0933556 -0.00531713 -0.105516 0.990012
1548266071.52751 -0.912489 -2.35082 1.63159 -0.0937315 -0.00618941 -0.110175 0.989463
1548266071.56069 -0.911411 -2.34857 1.63568 -0.0938403 -0.00680091 -0.111484 0.989302
1548266071.59429 -0.909493 -2.34688 1.6396 -0.0944975 -0.00923366 -0.112658 0.989087
1548266071.62771 -0.907078 -2.3452 1.64319 -0.0985143 -0.00795793 -0.113177 0.988647
1548266071.66105 -0.903966 -2.3437 1.64682 -0.0961535 -0.00832294 -0.116894 0.988444
1548266071.69442 -0.900644 -2.34159 1.65012 -0.0981578 -0.0092638 -0.115987 0.988345
1548266071.72753 -0.896912 -2.34019 1.65338 -0.0992225 -0.00820819 -0.119669 0.987809
1548266071.76096 -0.893415 -2.33843 1.6565 -0.10136 -0.00851875 -0.119646 0.987592
1548266071.79434 -0.890164 -2.33629 1.65939 -0.102258 -0.0099666 -0.117661 0.987725
1548266071.82769 -0.886452 -2.33478 1.66254 -0.103121 -0.010991 -0.119124 0.987449
1548266071.86065 -0.882806 -2.3325 1.66528 -0.10441 -0.0104078 -0.120781 0.987118
1548266071.89429 -0.878871 -2.33036 1.66815 -0.104858 -0.0129021 -0.118995 0.987258
1548266071.92768 -0.875069 -2.32773 1.67064 -0.107747 -0.0138479 -0.118958 0.986939
1548266071.96125 -0.87118 -2.32533 1.67345 -0.107109 -0.0144436 -0.121483 0.986692
1548266071.99445 -0.867475 -2.322 1.67606 -0.110011 -0.0151444 -0.117832 0.986805
1548266072.02777 -0.863832 -2.31877 1.67852 -0.110499 -0.0143946 -0.119589 0.98655
1548266072.06111 -0.859592 -2.31621 1.68122 -0.111308 -0.0146538 -0.120189 0.986383
1548266072.09460 -0.856018 -2.31296 1.68376 -0.112245 -0.0143867 -0.11728 0.98663
1548266072.12771 -0.852869 -2.30964 1.68642 -0.112132 -0.0144949 -0.118372 0.986511
1548266072.16100 -0.849532 -2.30671 1.68915 -0.112673 -0.0137666 -0.119923 0.986273
1548266072.19453 -0.846776 -2.30317 1.69178 -0.112403 -0.0138059 -0.119042 0.98641
1548266072.22784 -0.844797 -2.29923 1.69449 -0.113349 -0.0147894 -0.115817 0.986671
1548266072.26122 -0.843282 -2.29507 1.69705 -0.113702 -0.014819 -0.118819 0.986273
1548266072.29442 -0.842705 -2.28974 1.6994 -0.115066 -0.0157638 -0.117147 0.9863
1548266072.32779 -0.842077 -2.28479 1.70199 -0.115587 -0.0177304 -0.115639 0.986384
1548266072.36088 -0.842334 -2.2782 1.7041 -0.118828 -0.018597 -0.113573 0.986223
1548266072.39425 -0.841666 -2.27301 1.70599 -0.121883 -0.0164384 -0.116252 0.985576
1548266072.42754 -0.841528 -2.26751 1.70761 -0.12489 -0.0149915 -0.116139 0.985236
1548266072.46111 -0.841768 -2.26249 1.7092 -0.125662 -0.0148137 -0.116665 0.985078
1548266072.49402 -0.842457 -2.25765 1.71044 -0.125725 -0.013326 -0.117835 0.984952
1548266072.52756 -0.843389 -2.25333 1.71182 -0.126705 -0.0117692 -0.116703 0.984981
1548266072.56089 -0.844467 -2.2494 1.71298 -0.12753 -0.00970926 -0.117997 0.984743
1548266072.59413 -0.846335 -2.24555 1.71411 -0.122534 -0.00904721 -0.122202 0.984871
1548266072.62767 -0.847849 -2.24205 1.71492 -0.125704 -0.00729631 -0.12224 0.984481
1548266072.66107 -0.850098 -2.23848 1.71569 -0.12477 -0.00650722 -0.121693 0.984673
1548266072.69399 -0.852435 -2.23482 1.71624 -0.12451 -0.0055782 -0.123205 0.984524
1548266072.72808 -0.855425 -2.23097 1.71679 -0.121123 -0.0063138 -0.125545 0.984646
1548266072.76089 -0.858733 -2.22723 1.71742 -0.118206 -0.00660909 -0.127447 0.984754
1548266072.79442 -0.862211 -2.22318 1.71776 -0.121795 -0.00484094 -0.128936 0.984133
1548266072.82807 -0.866431 -2.21812 1.71795 -0.121213 -0.00571961 -0.129098 0.984179
1548266072.86100 -0.87098 -2.21286 1.71808 -0.119651 -0.00689978 -0.131417 0.984056
1548266072.89442 -0.876032 -2.2067 1.71796 -0.118931 -0.00840993 -0.132268 0.984017
1548266072.92793 -0.880658 -2.201 1.71803 -0.123505 -0.00741949 -0.126337 0.984241
1548266072.96099 -0.885322 -2.19536 1.71792 -0.120931 -0.00956256 -0.129788 0.984093
1548266072.99453 -0.890063 -2.18957 1.71777 -0.122499 -0.00803631 -0.12663 0.984324
1548266073.02759 -0.895016 -2.18437 1.71771 -0.122062 -0.00836913 -0.126831 0.98435
1548266073.06125 -0.90096 -2.17856 1.71754 -0.118149 -0.00914295 -0.125489 0.984992
1548266073.09431 -0.907025 -2.17271 1.71739 -0.122416 -0.00765817 -0.122429 0.984869
1548266073.12777 -0.913672 -2.16674 1.71745 -0.12219 -0.00879934 -0.120745 0.985095
1548266073.16086 -0.920617 -2.1602 1.71727 -0.12065 -0.00962888 -0.119737 0.9854
1548266073.19409 -0.927674 -2.15358 1.71715 -0.124023 -0.0095258 -0.117518 0.98525
1548266073.22771 -0.934842 -2.14716 1.71701 -0.124618 -0.00879937 -0.115719 0.985394
1548266073.26080 -0.941977 -2.14086 1.71695 -0.124762 -0.00857412 -0.115152 0.985445
1548266073.29398 -0.949039 -2.13491 1.71702 -0.124385 -0.00753395 -0.115334 0.985479
1548266073.32751 -0.956681 -2.12883 1.71748 -0.121802 -0.00785524 -0.118659 0.985405
1548266073.36074 -0.964626 -2.12234 1.71797 -0.122634 -0.00869599 -0.118187 0.985351
1548266073.39440 -0.972165 -2.11568 1.71861 -0.122786 -0.00917207 -0.115636 0.985631
1548266073.42765 -0.979162 -2.10946 1.71921 -0.123058 -0.00983477 -0.116764 0.985457
1548266073.46101 -0.986068 -2.1031 1.71968 -0.121529 -0.0100241 -0.120584 0.985185
1548266073.49456 -0.992379 -2.09678 1.72014 -0.123627 -0.01004 -0.117855 0.985254
1548266073.52771 -0.99848 -2.09027 1.72052 -0.122551 -0.012484 -0.118531 0.98528
1548266073.56097 -1.00349 -2.08462 1.72057 -0.122805 -0.0124798 -0.120512 0.985008
1548266073.59449 -1.00769 -2.07846 1.72046 -0.12489 -0.0113637 -0.120295 0.984785
1548266073.62780 -1.01135 -2.07251 1.72043 -0.123716 -0.0122202 -0.121809 0.984737
1548266073.66114 -1.01437 -2.06681 1.72031 -0.123825 -0.0120006 -0.121877 0.984718
1548266073.69467 -1.01656 -2.06088 1.7201 -0.126235 -0.00989971 -0.121315 0.984505
1548266073.72785 -1.01844 -2.05468 1.71977 -0.125773 -0.010195 -0.120096 0.98471
1548266073.76117 -1.02009 -2.04837 1.71923 -0.126771 -0.010331 -0.118942 0.984721
1548266073.79435 -1.02142 -2.04206 1.71851 -0.128543 -0.00896337 -0.11987 0.984392
1548266073.82776 -1.02273 -2.03553 1.71808 -0.129615 -0.00910341 -0.119462 0.9843
1548266073.86115 -1.02374 -2.02931 1.71775 -0.129889 -0.00995138 -0.118379 0.984386
1548266073.89467 -1.02436 -2.02276 1.71732 -0.130805 -0.00945929 -0.119848 0.984092
1548266073.92764 -1.02492 -2.016 1.71698 -0.131919 -0.0102579 -0.118707 0.984074
1548266073.96087 -1.02517 -2.00929 1.71662 -0.132084 -0.0109984 -0.118507 0.984067
1548266073.99438 -1.02501 -2.00311 1.71623 -0.132064 -0.0106547 -0.12139 0.983723
1548266074.02764 -1.02446 -1.99715 1.7161 -0.128756 -0.0114717 -0.122428 0.984023
1548266074.06094 -1.02466 -1.98981 1.71595 -0.132206 -0.0126315 -0.119532 0.983908
1548266074.09442 -1.02428 -1.98392 1.71588 -0.13009 -0.0133712 -0.122894 0.983766
1548266074.12762 -1.02414 -1.97792 1.71605 -0.127765 -0.0143518 -0.122577 0.984096
1548266074.16100 -1.02398 -1.97129 1.71587 -0.128317 -0.0158132 -0.122877 0.983965
1548266074.19412 -1.02369 -1.96529 1.71601 -0.126687 -0.0167764 -0.125053 0.983885
1548266074.22771 -1.02345 -1.95901 1.71663 -0.125103 -0.0184752 -0.128812 0.983573
1548266074.26105 -1.02273 -1.95227 1.71766 -0.123896 -0.0201938 -0.127469 0.983867
1548266074.29426 -1.02094 -1.94596 1.71877 -0.123481 -0.0205043 -0.129248 0.98368
1548266074.32801 -1.01855 -1.93981 1.72002 -0.121698 -0.0193172 -0.130708 0.983734
1548266074.36088 -1.01653 -1.93228 1.72162 -0.123974 -0.0203717 -0.128671 0.983697
1548266074.39462 -1.01397 -1.92505 1.72334 -0.125796 -0.02001 -0.126605 0.983741
1548266074.42767 -1.01055 -1.91851 1.72498 -0.127037 -0.018871 -0.126744 0.983586
1548266074.46116 -1.00688 -1.91239 1.72656 -0.128223 -0.0171794 -0.126273 0.983524
1548266074.49416 -1.00401 -1.90589 1.72817 -0.130556 -0.0163491 -0.124721 0.983429
1548266074.52790 -1.00094 -1.90031 1.72969 -0.132478 -0.015456 -0.124541 0.983209
1548266074.56128 -0.998357 -1.89511 1.73136 -0.133419 -0.0153911 -0.124033 0.983147
1548266074.59439 -0.99582 -1.8904 1.73303 -0.133096 -0.0156445 -0.124269 0.983157
1548266074.62787 -0.993482 -1.88605 1.73479 -0.134429 -0.0161298 -0.122894 0.983141
1548266074.66131 -0.991001 -1.88241 1.73641 -0.134724 -0.0162074 -0.123584 0.983013
1548266074.69466 -0.988914 -1.87927 1.73801 -0.134388 -0.0171751 -0.124842 0.982883
1548266074.72764 -0.98724 -1.87665 1.73963 -0.134361 -0.0175396 -0.126234 0.982703
1548266074.76098 -0.985629 -1.8744 1.74124 -0.134828 -0.0186282 -0.127101 0.982507
1548266074.79434 -0.983826 -1.87238 1.74288 -0.134272 -0.0194618 -0.127494 0.982516
1548266074.82772 -0.98182 -1.87099 1.74457 -0.13538 -0.0193186 -0.125813 0.982584
1548266074.86079 -0.979485 -1.87067 1.74611 -0.13329 -0.0202963 -0.128183 0.982543
1548266074.89445 -0.977181 -1.87065 1.74774 -0.132659 -0.0202601 -0.129092 0.98251
1548266074.92758 -0.97502 -1.87101 1.74956 -0.132219 -0.0197087 -0.128077 0.982714
1548266074.96083 -0.972789 -1.87213 1.75141 -0.130171 -0.0195307 -0.130463 0.982677
1548266074.99439 -0.970513 -1.87357 1.75325 -0.127728 -0.019502 -0.130875 0.982943
1548266075.02747 -0.968527 -1.8749 1.75518 -0.125876 -0.0190519 -0.130099 0.983294
1548266075.06106 -0.966111 -1.87688 1.75728 -0.123274 -0.0199871 -0.128581 0.983804
1548266075.09423 -0.963498 -1.87921 1.75998 -0.118916 -0.0199176 -0.129393 0.984236
1548266075.12785 -0.960637 -1.88097 1.76287 -0.116796 -0.019037 -0.129143 0.98454
1548266075.16132 -0.957279 -1.88192 1.76604 -0.116865 -0.0173737 -0.125123 0.985081
1548266075.19455 -0.953921 -1.88146 1.76911 -0.11777 -0.0147104 -0.123102 0.985271
1548266075.22802 -0.949591 -1.88072 1.77238 -0.120996 -0.0135448 -0.120359 0.985236
1548266075.26131 -0.945392 -1.87975 1.77623 -0.117474 -0.0104801 -0.123489 0.985312
1548266075.29447 -0.942149 -1.87692 1.78105 -0.12333 -0.00750184 -0.127248 0.984145
1548266075.32802 -0.940992 -1.873 1.78732 -0.12976 -0.00683731 -0.130383 0.982912
1548266075.36098 -0.940978 -1.86825 1.79423 -0.137154 -0.00915188 -0.130071 0.98193
1548266075.39465 -0.940593 -1.86454 1.80103 -0.138444 -0.00946948 -0.132897 0.981367
1548266075.42796 -0.93985 -1.86255 1.80768 -0.139916 -0.010608 -0.132091 0.981256
1548266075.46131 -0.940241 -1.85991 1.81435 -0.141021 -0.0128038 -0.130535 0.98128
1548266075.49439 -0.939783 -1.85831 1.82048 -0.139287 -0.0135417 -0.133366 0.981137
1548266075.52752 -0.939009 -1.85693 1.82619 -0.136471 -0.0160196 -0.126848 0.982359
1548266075.56058 -0.936105 -1.8544 1.83032 -0.144822 -0.0132059 -0.124375 0.981521
1548266075.59453 -0.933379 -1.8525 1.83442 -0.142712 -0.013113 -0.125118 0.981737
1548266075.62766 -0.930196 -1.85088 1.83835 -0.143466 -0.0125284 -0.127619 0.981312
1548266075.66078 -0.928243 -1.84792 1.84301 -0.149908 -0.0101714 -0.125002 0.980713
1548266075.69443 -0.926944 -1.84549 1.84761 -0.148532 -0.0168902 -0.11793 0.981705
1548266075.72778 -0.925768 -1.8441 1.85263 -0.145242 -0.0177192 -0.120808 0.981833
1548266075.76102 -0.923466 -1.8431 1.85723 -0.150343 -0.0163059 -0.121603 0.980991
1548266075.79445 -0.922255 -1.8428 1.86239 -0.15185 -0.0155689 -0.11976 0.980998
1548266075.82783 -0.922282 -1.84298 1.8677 -0.15745 -0.00949515 -0.127159 0.97926
1548266075.86070 -0.920275 -1.84479 1.87288 -0.144104 -0.0176062 -0.114962 0.982704
1548266075.89436 -0.91829 -1.84595 1.87833 -0.143206 -0.0157128 -0.114973 0.982867
1548266075.92804 -0.916905 -1.84709 1.88458 -0.141191 -0.0147509 -0.115761 0.98308
1548266075.96124 -0.916692 -1.84774 1.89131 -0.141249 -0.0165849 -0.112596 0.98341
1548266075.99452 -0.91658 -1.84808 1.89827 -0.140762 -0.0165355 -0.115064 0.983195
1548266076.02790 -0.91697 -1.84921 1.90561 -0.139706 -0.020206 -0.111091 0.983734
1548266076.06126 -0.917877 -1.85121 1.91313 -0.137186 -0.0224162 -0.109559 0.984213
1548266076.09473 -0.918129 -1.85333 1.92046 -0.136422 -0.0205518 -0.117194 0.98348
1548266076.12806 -0.918886 -1.8552 1.92778 -0.136789 -0.0207216 -0.115121 0.98367
1548266076.16139 -0.92132 -1.8566 1.93465 -0.131031 -0.0306083 -0.107688 0.985037
1548266076.19482 -0.921838 -1.85842 1.94066 -0.131395 -0.0271474 -0.114633 0.984306
1548266076.22776 -0.921694 -1.86097 1.94627 -0.128581 -0.0251771 -0.120195 0.984066
1548266076.26135 -0.922387 -1.86107 1.95125 -0.127414 -0.0260474 -0.119097 0.984329
1548266076.29459 -0.923746 -1.86076 1.95614 -0.126701 -0.0279057 -0.120517 0.984197
1548266076.32783 -0.925818 -1.86071 1.96055 -0.126882 -0.0293154 -0.118742 0.984348
1548266076.36071 -0.927494 -1.86113 1.96518 -0.124874 -0.031422 -0.119425 0.984458
1548266076.39427 -0.928391 -1.86206 1.96994 -0.125072 -0.029459 -0.121779 0.984205
1548266076.42808 -0.928566 -1.8639 1.9755 -0.123503 -0.031187 -0.118635 0.984734
1548266076.46117 -0.927481 -1.8651 1.98067 -0.124068 -0.031297 -0.112576 0.98537
1548266076.49440 -0.925396 -1.86658 1.98561 -0.122152 -0.028866 -0.117261 0.985137
1548266076.52765 -0.92297 -1.8686 1.99011 -0.120058 -0.0281477 -0.112479 0.985973
1548266076.56108 -0.92005 -1.87077 1.99377 -0.119276 -0.0267087 -0.107387 0.986675
1548266076.59430 -0.916833 -1.87406 1.9967 -0.115036 -0.0239732 -0.107474 0.987239
1548266076.62769 -0.91383 -1.87713 1.99859 -0.113401 -0.0231482 -0.103185 0.987906
1548266076.66100 -0.911026 -1.87988 1.99947 -0.109783 -0.0255818 -0.095801 0.988997
1548266076.69430 -0.90871 -1.88293 1.99968 -0.10535 -0.0266868 -0.0913793 0.989868
1548266076.72803 -0.906592 -1.8856 1.99906 -0.101415 -0.027183 -0.0889067 0.990491
1548266076.76135 -0.904166 -1.88721 1.99799 -0.0990169 -0.0250522 -0.0923162 0.990478
1548266076.79452 -0.901091 -1.88832 1.99681 -0.0978351 -0.0235798 -0.0935032 0.99052
1548266076.82782 -0.897919 -1.8896 1.9954 -0.0955734 -0.0208054 -0.094335 0.990724
1548266076.86113 -0.895376 -1.89009 1.99392 -0.0941934 -0.0182238 -0.0997943 0.990372
1548266076.89455 -0.8934 -1.89011 1.99251 -0.0910101 -0.0187927 -0.0988593 0.990753
1548266076.92799 -0.891023 -1.88934 1.99073 -0.0929974 -0.0177105 -0.100682 0.990404
1548266076.96128 -0.888379 -1.88979 1.98926 -0.0901278 -0.016468 -0.104804 0.990264
1548266076.99477 -0.885356 -1.89048 1.98725 -0.089121 -0.014073 -0.100272 0.990861
1548266077.02765 -0.883004 -1.8914 1.98498 -0.0852478 -0.0144146 -0.0983878 0.991385
1548266077.06133 -0.879795 -1.89294 1.98187 -0.0842506 -0.0114868 -0.0998373 0.991364
1548266077.09461 -0.876166 -1.89521 1.97837 -0.0816129 -0.00776759 -0.101851 0.991416
1548266077.12773 -0.872811 -1.89752 1.97501 -0.0763794 -0.00543242 -0.103877 0.991638
1548266077.16120 -0.869904 -1.89891 1.97164 -0.0740078 -0.00232873 -0.10071 0.992157
1548266077.19429 -0.866924 -1.89914 1.9681 -0.0740869 -0.000668345 -0.0986038 0.992365
1548266077.22797 -0.862996 -1.89918 1.96441 -0.0718691 0.00316925 -0.101562 0.992225
1548266077.26125 -0.859134 -1.89849 1.96048 -0.0734553 0.00712472 -0.100001 0.992247
1548266077.29449 -0.856279 -1.89718 1.95697 -0.0714096 0.00817345 -0.0980235 0.992585
1548266077.32750 -0.853902 -1.89507 1.95325 -0.0726293 0.0112528 -0.0986248 0.992407
1548266077.36092 -0.852569 -1.89337 1.94944 -0.0692475 0.0139489 -0.0988393 0.992593
1548266077.39471 -0.851078 -1.89161 1.94538 -0.0738656 0.0184523 -0.101265 0.991942
1548266077.42786 -0.850455 -1.89088 1.94177 -0.0720337 0.0217107 -0.105092 0.991613
1548266077.46124 -0.850279 -1.89043 1.93819 -0.0732145 0.02649 -0.108941 0.990994
1548266077.49406 -0.850406 -1.89033 1.93471 -0.0748552 0.0291675 -0.109272 0.99076
1548266077.52791 -0.851438 -1.89064 1.93119 -0.070206 0.0304121 -0.116885 0.990194
1548266077.56119 -0.853166 -1.89159 1.92845 -0.0653656 0.0311915 -0.121663 0.989926
1548266077.59448 -0.855147 -1.89118 1.92533 -0.0660262 0.0322769 -0.122227 0.989777
1548266077.62795 -0.857361 -1.89184 1.92277 -0.0602696 0.0320235 -0.128784 0.989321
1548266077.66123 -0.86 -1.89162 1.92032 -0.0569799 0.0342436 -0.13174 0.989053
1548266077.69439 -0.862794 -1.89089 1.91817 -0.0579965 0.0326155 -0.132747 0.988914
1548266077.72788 -0.865445 -1.88963 1.91651 -0.0542069 0.0335341 -0.13526 0.988758
1548266077.76127 -0.867299 -1.8887 1.91499 -0.053071 0.0359508 -0.140407 0.988017
1548266077.79461 -0.868935 -1.88715 1.91327 -0.0576919 0.0376434 -0.143244 0.987287
1548266077.82793 -0.871034 -1.88524 1.91222 -0.0580524 0.039267 -0.142667 0.987286
1548266077.86122 -0.872788 -1.88404 1.91163 -0.0535961 0.0384659 -0.147759 0.986821
1548266077.89479 -0.874158 -1.88215 1.91078 -0.0552379 0.0403764 -0.149155 0.986444
1548266077.92791 -0.875728 -1.88027 1.91068 -0.053139 0.0387872 -0.147157 0.986923
1548266077.96113 -0.876765 -1.87851 1.91017 -0.0554884 0.0409361 -0.149753 0.986316
1548266077.99434 -0.877985 -1.87758 1.91039 -0.0489937 0.0401442 -0.153057 0.986185
1548266078.02772 -0.879121 -1.87511 1.91034 -0.0540867 0.0421148 -0.147937 0.986618
1548266078.06104 -0.880164 -1.87343 1.91075 -0.0523598 0.0412488 -0.150164 0.986412
1548266078.09418 -0.881333 -1.87177 1.91124 -0.0516798 0.0401841 -0.151812 0.986239
1548266078.12773 -0.882273 -1.86959 1.9116 -0.0512915 0.0412772 -0.152311 0.986137
1548266078.16115 -0.883174 -1.86639 1.91191 -0.0552352 0.0423085 -0.1516 0.98599
1548266078.19457 -0.884608 -1.86365 1.91297 -0.0493559 0.0414921 -0.151203 0.986398
1548266078.22791 -0.885918 -1.86079 1.91387 -0.0486775 0.0407567 -0.153634 0.986086
1548266078.26120 -0.886854 -1.85689 1.91419 -0.0564256 0.0427086 -0.153221 0.985655
1548266078.29435 -0.888505 -1.85398 1.91546 -0.0521818 0.0419642 -0.152266 0.986069
1548266078.32805 -0.889956 -1.85073 1.91598 -0.0557708 0.0411357 -0.155215 0.985447
1548266078.36139 -0.891109 -1.84779 1.91659 -0.0559514 0.0422306 -0.15371 0.985626
1548266078.39461 -0.892393 -1.84573 1.91725 -0.0534775 0.0426095 -0.153621 0.985761
1548266078.42813 -0.893622 -1.84287 1.91741 -0.0547141 0.043228 -0.156647 0.98519
1548266078.46137 -0.894697 -1.84016 1.91747 -0.0563529 0.0428637 -0.15788 0.984917
1548266078.49418 -0.896057 -1.83724 1.91728 -0.0575091 0.0448006 -0.155705 0.98511
1548266078.52777 -0.897252 -1.83486 1.9171 -0.0576051 0.0452625 -0.158779 0.984592
1548266078.56130 -0.898672 -1.83279 1.91744 -0.0523991 0.0456872 -0.157581 0.985056
1548266078.59464 -0.899716 -1.83046 1.91756 -0.0517118 0.0460205 -0.159729 0.984731
1548266078.62799 -0.900633 -1.82829 1.91758 -0.051269 0.0494672 -0.16444 0.983811
1548266078.66148 -0.902024 -1.82589 1.9177 -0.052359 0.0483508 -0.166091 0.983532
1548266078.69472 -0.903457 -1.82298 1.91773 -0.0564476 0.0488554 -0.164136 0.983609
1548266078.72754 -0.904288 -1.82015 1.91771 -0.0560685 0.0519341 -0.168876 0.98267
1548266078.76122 -0.905398 -1.817 1.91783 -0.0552873 0.0523994 -0.168427 0.982766
1548266078.79445 -0.906523 -1.8136 1.91756 -0.0553267 0.0521676 -0.16829 0.9828
1548266078.82775 -0.907587 -1.81083 1.91691 -0.0527026 0.0528699 -0.171812 0.982297
1548266078.86089 -0.908527 -1.80771 1.9159 -0.0560471 0.0525178 -0.172313 0.982043
1548266078.89452 -0.90939 -1.80471 1.91485 -0.0568859 0.0524183 -0.171808 0.982089
1548266078.92766 -0.909753 -1.80205 1.91346 -0.0590623 0.05637 -0.173919 0.98137
1548266078.96095 -0.910664 -1.79977 1.91273 -0.0543291 0.0548466 -0.173641 0.981779
1548266078.99414 -0.911273 -1.7978 1.91175 -0.0545293 0.0541713 -0.17274 0.981964
1548266079.02760 -0.911821 -1.79637 1.91057 -0.0554229 0.0558116 -0.17667 0.981122
1548266079.06122 -0.912907 -1.79485 1.90924 -0.0585159 0.0544795 -0.177447 0.980877
1548266079.09419 -0.913943 -1.79286 1.90804 -0.0608385 0.0568269 -0.176767 0.980726
1548266079.12795 -0.914748 -1.79209 1.907 -0.0588963 0.0571668 -0.178422 0.980525
1548266079.16135 -0.915593 -1.79072 1.90623 -0.0560477 0.0578532 -0.180138 0.980338
1548266079.19470 -0.917011 -1.78943 1.90497 -0.0589791 0.0576606 -0.181198 0.979982
1548266079.22807 -0.91877 -1.78856 1.90418 -0.0573182 0.0570035 -0.182923 0.979798
1548266079.26127 -0.920388 -1.78693 1.9034 -0.0571716 0.056895 -0.18587 0.979258
1548266079.29468 -0.922211 -1.78519 1.90295 -0.0570482 0.0555589 -0.185109 0.979486
1548266079.32826 -0.924307 -1.78324 1.90228 -0.0599547 0.05542 -0.182766 0.979761
1548266079.36138 -0.926208 -1.78197 1.90173 -0.0606238 0.0558395 -0.185403 0.9792
1548266079.39469 -0.92832 -1.78092 1.90166 -0.0565015 0.0546836 -0.184969 0.979594
1548266079.42797 -0.930012 -1.77964 1.90114 -0.0574581 0.0535604 -0.182544 0.980055
1548266079.46111 -0.931512 -1.77828 1.90053 -0.0599091 0.0534368 -0.184538 0.979541
1548266079.49453 -0.932647 -1.77736 1.90011 -0.0603405 0.052955 -0.18628 0.979211
1548266079.52778 -0.933657 -1.77684 1.89983 -0.0606895 0.0532905 -0.185371 0.979344
1548266079.56107 -0.934471 -1.77669 1.8995 -0.0612975 0.054808 -0.187761 0.978767
1548266079.59431 -0.935583 -1.77682 1.8992 -0.0606509 0.0546321 -0.188135 0.978745
1548266079.62769 -0.936716 -1.77697 1.89895 -0.0609093 0.054932 -0.188482 0.978646
1548266079.66111 -0.937612 -1.77709 1.89878 -0.0605683 0.0558883 -0.192007 0.977927
1548266079.69457 -0.938474 -1.77714 1.89895 -0.0591703 0.0555716 -0.190049 0.978413
1548266079.72782 -0.939105 -1.77692 1.89896 -0.060583 0.0561562 -0.190131 0.978277
1548266079.76114 -0.940224 -1.77669 1.89916 -0.058468 0.0553319 -0.188748 0.978721
1548266079.79444 -0.941328 -1.77582 1.89934 -0.0586921 0.0530277 -0.183692 0.979796
1548266079.82790 -0.941998 -1.77467 1.89925 -0.0606873 0.0514848 -0.180771 0.9803
1548266079.86105 -0.942555 -1.7739 1.89917 -0.0598016 0.0519057 -0.180198 0.980438
1548266079.89445 -0.943587 -1.77309 1.8994 -0.0592847 0.0481269 -0.173798 0.981816
1548266079.92785 -0.944085 -1.77226 1.89926 -0.0614467 0.0481457 -0.1694 0.982451
1548266079.96138 -0.944689 -1.77183 1.89927 -0.0617043 0.0486325 -0.170723 0.982182
1548266079.99449 -0.94637 -1.77133 1.89975 -0.0610792 0.0477486 -0.163861 0.983432
1548266080.02813 -0.949208 -1.77099 1.90058 -0.0589005 0.0442729 -0.163332 0.983816
1548266080.06132 -0.951752 -1.77049 1.90091 -0.0638539 0.0457869 -0.163348 0.983435
1548266080.09462 -0.955024 -1.77007 1.90229 -0.0645151 0.0443599 -0.161568 0.983751
1548266080.12800 -0.958472 -1.76954 1.90361 -0.0678672 0.0437203 -0.160983 0.98365
1548266080.16136 -0.962661 -1.76877 1.90531 -0.0663038 0.0435486 -0.162597 0.983499
1548266080.19458 -0.967109 -1.76822 1.90716 -0.0654083 0.041176 -0.160974 0.983928
1548266080.22807 -0.971485 -1.76793 1.90883 -0.0671862 0.0404519 -0.16228 0.983623
1548266080.26094 -0.975735 -1.76785 1.91013 -0.0695652 0.0418698 -0.164486 0.983032
1548266080.29463 -0.980748 -1.76786 1.91146 -0.0695729 0.040459 -0.164816 0.983035
1548266080.32773 -0.985872 -1.76801 1.91265 -0.0698571 0.0403125 -0.165142 0.982967
1548266080.36118 -0.991129 -1.76908 1.91378 -0.0679684 0.0405991 -0.166364 0.982881
1548266080.39442 -0.996617 -1.77043 1.9145 -0.0666944 0.0400685 -0.166393 0.982985
1548266080.42783 -1.00226 -1.77162 1.91502 -0.064838 0.038804 -0.165968 0.983232
1548266080.46110 -1.00747 -1.77282 1.9152 -0.0639548 0.0393503 -0.167308 0.983041
1548266080.49439 -1.01263 -1.77382 1.91516 -0.0622639 0.0387901 -0.168138 0.98303
1548266080.52778 -1.01728 -1.77428 1.91461 -0.0624233 0.0377848 -0.167576 0.983155
1548266080.56117 -1.02136 -1.7746 1.91396 -0.0608186 0.0396846 -0.16894 0.982947
1548266080.59460 -1.02491 -1.77418 1.91285 -0.0613602 0.0395076 -0.169146 0.982885
1548266080.62781 -1.02815 -1.77325 1.91145 -0.0624396 0.0399234 -0.168774 0.982865
1548266080.66122 -1.03116 -1.77228 1.91043 -0.0579473 0.0408679 -0.16921 0.983026
1548266080.69449 -1.03393 -1.77124 1.90918 -0.0566752 0.0421303 -0.172169 0.982533
1548266080.72793 -1.03622 -1.76983 1.90772 -0.0582667 0.0435325 -0.174759 0.981921
1548266080.76144 -1.03851 -1.76869 1.9064 -0.0569859 0.0452969 -0.17726 0.981468
1548266080.79465 -1.0406 -1.76736 1.90501 -0.0538581 0.0459554 -0.178096 0.981463
1548266080.82801 -1.04219 -1.76562 1.90344 -0.0514624 0.0461332 -0.18181 0.980902
1548266080.86118 -1.04333 -1.7632 1.90148 -0.0537744 0.0472949 -0.184491 0.980222
1548266080.89475 -1.04444 -1.76074 1.89982 -0.0521156 0.0474262 -0.184825 0.980242
1548266080.92801 -1.0451 -1.75792 1.89828 -0.0469901 0.046693 -0.186564 0.980207
1548266080.96140 -1.04486 -1.75396 1.89608 -0.0489574 0.0483528 -0.190073 0.979356
1548266080.99460 -1.04495 -1.74947 1.89416 -0.0463123 0.0473761 -0.189005 0.979739
1548266081.02797 -1.04441 -1.74516 1.89164 -0.0474142 0.0472324 -0.191099 0.979287
1548266081.06135 -1.04354 -1.74146 1.88903 -0.0435942 0.0486121 -0.195054 0.978617
1548266081.09456 -1.04255 -1.73803 1.88634 -0.0418726 0.0482205 -0.195918 0.978539
1548266081.12793 -1.04157 -1.73431 1.88353 -0.0411862 0.0485359 -0.193976 0.978939
1548266081.16113 -1.04014 -1.73059 1.8807 -0.0391366 0.0508542 -0.196575 0.978387
1548266081.19448 -1.03876 -1.72712 1.87761 -0.0354181 0.0520894 -0.197962 0.978184
1548266081.22749 -1.03669 -1.72307 1.87386 -0.0383005 0.0540451 -0.198406 0.977879
1548266081.26095 -1.03502 -1.71936 1.87013 -0.0362455 0.0575523 -0.201346 0.977156
1548266081.29439 -1.03371 -1.71592 1.86619 -0.0377801 0.0595707 -0.204178 0.976389
1548266081.32790 -1.0332 -1.71275 1.86229 -0.0391117 0.0606169 -0.205407 0.976014
1548266081.36120 -1.03369 -1.71045 1.8584 -0.0363324 0.0627572 -0.21094 0.974805
1548266081.39453 -1.03554 -1.70774 1.85401 -0.0376681 0.0630659 -0.215948 0.973638
1548266081.42773 -1.0389 -1.70459 1.85045 -0.0344424 0.0582599 -0.216346 0.973968
1548266081.46112 -1.04147 -1.70179 1.84708 -0.0383123 0.0578327 -0.220821 0.972844
1548266081.49457 -1.0437 -1.69949 1.84468 -0.0359826 0.0590995 -0.229032 0.970957
1548266081.52792 -1.04612 -1.69727 1.84201 -0.0366853 0.0572116 -0.231395 0.970483
1548266081.56119 -1.04895 -1.69471 1.83952 -0.0341929 0.0554283 -0.235403 0.969713
1548266081.59484 -1.05123 -1.69216 1.83617 -0.0378787 0.0576972 -0.243795 0.967368
1548266081.62799 -1.05321 -1.68963 1.83339 -0.0351186 0.0560642 -0.247274 0.966685
1548266081.66130 -1.05438 -1.68664 1.83019 -0.0358349 0.055796 -0.251482 0.965588
1548266081.69447 -1.05543 -1.6835 1.82667 -0.0369147 0.0552867 -0.256632 0.96422
1548266081.72848 -1.05587 -1.68023 1.82311 -0.0384489 0.0527865 -0.256704 0.964281
1548266081.76151 -1.05548 -1.67803 1.81934 -0.0400739 0.0530311 -0.261064 0.96303
1548266081.79448 -1.05452 -1.67699 1.81606 -0.0341176 0.0549419 -0.267013 0.961521
1548266081.82807 -1.05281 -1.6754 1.81249 -0.0377739 0.0543964 -0.266298 0.961613
1548266081.86138 -1.05035 -1.67439 1.80944 -0.0342718 0.0542746 -0.269084 0.960975
1548266081.89478 -1.04733 -1.67352 1.80638 -0.0341397 0.0568034 -0.271545 0.960141
1548266081.92779 -1.04416 -1.67206 1.80412 -0.0306169 0.0558275 -0.2726 0.960018
1548266081.96107 -1.04065 -1.67028 1.8016 -0.0339472 0.0572995 -0.273052 0.959691
1548266081.99426 -1.03709 -1.66867 1.79984 -0.0357602 0.0593019 -0.274053 0.959218
1548266082.02781 -1.03334 -1.66713 1.79878 -0.0328194 0.0592688 -0.274913 0.959079
1548266082.06123 -1.02871 -1.66525 1.79781 -0.0361365 0.0601089 -0.273992 0.959171
1548266082.09463 -1.02379 -1.66425 1.79732 -0.0360011 0.0610093 -0.273992 0.959119
1548266082.12781 -1.01916 -1.66372 1.7971 -0.0356835 0.0603414 -0.273502 0.959314
1548266082.16105 -1.01433 -1.6638 1.7965 -0.0383286 0.0620773 -0.2714 0.959698
1548266082.19462 -1.00943 -1.66432 1.79624 -0.0345088 0.0619711 -0.270903 0.95999
1548266082.22777 -1.00403 -1.66451 1.79553 -0.0375386 0.0640484 -0.269907 0.96002
1548266082.26125 -0.998322 -1.66475 1.79495 -0.0380258 0.0654503 -0.270121 0.959846
1548266082.29441 -0.992777 -1.66537 1.79413 -0.0385897 0.0663462 -0.269422 0.959959
1548266082.32769 -0.986856 -1.66577 1.79346 -0.0397389 0.0665526 -0.269014 0.960012
1548266082.36103 -0.980702 -1.66637 1.79279 -0.0393165 0.0670624 -0.265394 0.961001
1548266082.39448 -0.974462 -1.66736 1.79203 -0.0421761 0.0669487 -0.263903 0.961298
1548266082.42781 -0.967741 -1.66917 1.79162 -0.0397158 0.0695361 -0.264398 0.961083
1548266082.46151 -0.961038 -1.67106 1.79109 -0.0394243 0.0707592 -0.263443 0.961268
1548266082.49453 -0.954441 -1.67284 1.79107 -0.036771 0.0702381 -0.259309 0.962535
1548266082.52780 -0.947496 -1.67512 1.79067 -0.0377198 0.0720374 -0.25927 0.962376
1548266082.56141 -0.940554 -1.6775 1.79049 -0.0369041 0.0715857 -0.257525 0.962909
1548266082.59486 -0.933262 -1.68015 1.79013 -0.0366259 0.0721627 -0.25438 0.963713
1548266082.62802 -0.925453 -1.68241 1.78953 -0.0396384 0.0735949 -0.25387 0.96362
1548266082.66147 -0.917066 -1.68423 1.78949 -0.0375092 0.0749846 -0.251716 0.964163
1548266082.69487 -0.908613 -1.68592 1.7891 -0.0391265 0.0753813 -0.24951 0.964641
1548266082.72766 -0.8999 -1.68799 1.7889 -0.0401043 0.0772141 -0.24898 0.964593
1548266082.76116 -0.891426 -1.69008 1.7888 -0.0420504 0.0782264 -0.246723 0.965008
1548266082.79448 -0.883319 -1.69253 1.78894 -0.0438884 0.0794317 -0.248192 0.964451
1548266082.82794 -0.875268 -1.69562 1.78946 -0.0410054 0.0801743 -0.247798 0.964617
1548266082.86119 -0.867444 -1.6988 1.78954 -0.0453271 0.0822916 -0.24692 0.964471
1548266082.89449 -0.860413 -1.70255 1.79021 -0.0449987 0.0805593 -0.249903 0.963864
1548266082.92797 -0.85409 -1.70665 1.79073 -0.0454742 0.0790032 -0.250356 0.963853
1548266082.96101 -0.848101 -1.7111 1.79115 -0.0450448 0.0786954 -0.251247 0.963666
1548266082.99461 -0.842072 -1.7162 1.79159 -0.0448558 0.0777625 -0.255949 0.962513
1548266083.02777 -0.836243 -1.72153 1.79171 -0.0470169 0.0782363 -0.256119 0.962326
1548266083.06117 -0.83068 -1.72734 1.79241 -0.0453472 0.0760852 -0.25879 0.961864
1548266083.09414 -0.824678 -1.73371 1.79295 -0.0465902 0.0766864 -0.263783 0.9604
1548266083.12786 -0.818929 -1.7402 1.79407 -0.046844 0.077156 -0.263407 0.960453
1548266083.16101 -0.81294 -1.74692 1.79572 -0.0500346 0.0781078 -0.262933 0.960345
1548266083.19459 -0.80708 -1.75306 1.79728 -0.0516082 0.0779569 -0.266241 0.959362
1548266083.22818 -0.801594 -1.75875 1.79908 -0.0478475 0.0746865 -0.273431 0.957793
1548266083.26129 -0.795561 -1.76413 1.80114 -0.0475396 0.0750907 -0.276681 0.956843
1548266083.29478 -0.789762 -1.769 1.803 -0.0515716 0.0763625 -0.273104 0.957561
1548266083.32800 -0.784311 -1.77297 1.80445 -0.0465792 0.0745315 -0.277383 0.956731
1548266083.36114 -0.777916 -1.77677 1.80555 -0.0531356 0.0747792 -0.280474 0.955468
1548266083.39453 -0.771475 -1.78083 1.80661 -0.0508069 0.0745502 -0.283609 0.954687
1548266083.42810 -0.765264 -1.78433 1.8072 -0.0521501 0.0742107 -0.284975 0.954234
1548266083.46135 -0.759095 -1.78797 1.80718 -0.0553115 0.0816208 -0.283858 0.953784
1548266083.49452 -0.753711 -1.79218 1.80762 -0.0542891 0.0763037 -0.28827 0.952959
1548266083.52790 -0.748953 -1.79685 1.80738 -0.0506126 0.0795587 -0.28735 0.953173
1548266083.56106 -0.744483 -1.80218 1.80734 -0.0456304 0.0782131 -0.290326 0.952634
1548266083.59440 -0.739758 -1.80704 1.80706 -0.0474825 0.0754494 -0.293908 0.951667
1548266083.62785 -0.734591 -1.81178 1.80614 -0.0428337 0.0777868 -0.293984 0.951676
1548266083.66103 -0.728259 -1.8162 1.80553 -0.0462939 0.0776185 -0.297872 0.950318
1548266083.69440 -0.721866 -1.81978 1.8041 -0.0441804 0.0823236 -0.297837 0.950034
1548266083.72769 -0.714968 -1.82352 1.80339 -0.041277 0.0822339 -0.29904 0.949794
1548266083.76120 -0.707138 -1.827 1.80224 -0.0437989 0.0858456 -0.301113 0.948706
1548266083.79445 -0.699555 -1.83051 1.80164 -0.0398507 0.0869672 -0.304355 0.947743
1548266083.82782 -0.691751 -1.83271 1.80127 -0.0399006 0.0887984 -0.305881 0.94708
1548266083.86100 -0.68383 -1.83453 1.80077 -0.0405735 0.0911772 -0.309734 0.945571
1548266083.89463 -0.676043 -1.83551 1.80008 -0.0404493 0.0893137 -0.313228 0.944603
1548266083.92779 -0.668383 -1.83648 1.79948 -0.0390783 0.090013 -0.31286 0.944716
1548266083.96136 -0.660652 -1.83676 1.79886 -0.0369148 0.0903905 -0.319231 0.942634
1548266083.99430 -0.653022 -1.83624 1.79794 -0.0388872 0.0893349 -0.322625 0.941499
1548266084.02798 -0.645462 -1.83547 1.79689 -0.0391198 0.0895423 -0.325478 0.940487
1548266084.06144 -0.638062 -1.83522 1.79575 -0.0364193 0.0874308 -0.328982 0.939575
1548266084.09460 -0.630031 -1.8347 1.79439 -0.0347736 0.0865833 -0.331119 0.938965
1548266084.12806 -0.621304 -1.83458 1.79314 -0.0324541 0.0859468 -0.334224 0.938006
1548266084.16153 -0.612136 -1.83418 1.7919 -0.032144 0.0872774 -0.338289 0.936435
1548266084.19476 -0.602638 -1.83335 1.79065 -0.0321003 0.089341 -0.340291 0.935516
1548266084.22800 -0.593503 -1.83236 1.78956 -0.0311498 0.0901387 -0.345342 0.933619
1548266084.26146 -0.584047 -1.83106 1.78849 -0.031983 0.0932192 -0.349657 0.93168
1548266084.29468 -0.575526 -1.82917 1.78734 -0.030145 0.092651 -0.352066 0.93089
1548266084.32783 -0.566947 -1.82608 1.78602 -0.0328566 0.094111 -0.35336 0.930161
1548266084.36126 -0.558983 -1.82367 1.78481 -0.0313457 0.0945798 -0.354251 0.929827
1548266084.39453 -0.551063 -1.8211 1.78358 -0.0322807 0.094937 -0.357162 0.928644
1548266084.42792 -0.543684 -1.81884 1.78245 -0.030454 0.0933826 -0.358413 0.928382
1548266084.46093 -0.536703 -1.81683 1.7815 -0.0303719 0.0946943 -0.357432 0.92863
1548266084.49450 -0.529613 -1.81468 1.78064 -0.0308985 0.0955789 -0.360635 0.927282
1548266084.52772 -0.523246 -1.81319 1.77978 -0.0299753 0.0940806 -0.361512 0.927124
1548266084.56114 -0.51635 -1.8117 1.77887 -0.0325703 0.0944215 -0.363212 0.926337
1548266084.59463 -0.509706 -1.81131 1.77823 -0.032453 0.0956628 -0.365502 0.925313
1548266084.62792 -0.503359 -1.81088 1.77798 -0.0319102 0.0948045 -0.365582 0.925388
1548266084.66114 -0.496373 -1.81081 1.77767 -0.0344004 0.0955646 -0.365224 0.925362
1548266084.69458 -0.488823 -1.81082 1.77753 -0.0376046 0.0973034 -0.365771 0.92484
1548266084.72790 -0.4821 -1.81142 1.77728 -0.0390624 0.0928873 -0.36815 0.92429
1548266084.76115 -0.475644 -1.81232 1.77767 -0.0368415 0.0959735 -0.368017 0.924119
1548266084.79460 -0.468904 -1.81331 1.7772 -0.0384452 0.0974883 -0.372554 0.922075
1548266084.82813 -0.462263 -1.81456 1.77641 -0.0402406 0.0957316 -0.37069 0.922933
1548266084.86131 -0.454927 -1.8168 1.77513 -0.0422735 0.0950641 -0.368456 0.923805
1548266084.89475 -0.447353 -1.82041 1.7734 -0.0417842 0.0962956 -0.370256 0.92298
1548266084.92816 -0.440024 -1.82468 1.77144 -0.041403 0.0955315 -0.37002 0.923171
1548266084.96139 -0.432386 -1.82978 1.76916 -0.0439673 0.0977329 -0.370478 0.922638
1548266084.99476 -0.425425 -1.83582 1.7667 -0.0418866 0.0983061 -0.368531 0.923453
1548266085.02791 -0.419079 -1.84273 1.76418 -0.0378599 0.0962667 -0.368522 0.923846
1548266085.06144 -0.412562 -1.8494 1.76143 -0.0391819 0.0933665 -0.36813 0.924244
1548266085.09480 -0.405877 -1.85693 1.75923 -0.0362546 0.092792 -0.366723 0.924981
1548266085.12789 -0.398971 -1.86478 1.75709 -0.0334018 0.0898826 -0.365209 0.925974
1548266085.16124 -0.391796 -1.87299 1.75526 -0.0328501 0.0895858 -0.363058 0.926868
1548266085.19457 -0.384978 -1.88175 1.75382 -0.0316094 0.0869119 -0.365136 0.926349
1548266085.22778 -0.3783 -1.89084 1.75309 -0.0282282 0.0880684 -0.364372 0.92665
1548266085.26088 -0.371962 -1.89978 1.75246 -0.0275385 0.08538 -0.366802 0.925963
1548266085.29437 -0.366001 -1.90876 1.75227 -0.0232576 0.0853945 -0.365895 0.926438
1548266085.32795 -0.359849 -1.91655 1.75155 -0.0209712 0.0854613 -0.367379 0.925899
1548266085.36123 -0.354054 -1.92333 1.75064 -0.0216548 0.0822556 -0.368324 0.925798
1548266085.39455 -0.348542 -1.92979 1.74932 -0.0198007 0.0786756 -0.369497 0.925684
1548266085.42777 -0.342774 -1.93569 1.74749 -0.0192515 0.0770992 -0.369508 0.925824
1548266085.46116 -0.33667 -1.94128 1.7456 -0.0167528 0.0762009 -0.368517 0.926341
1548266085.49439 -0.329764 -1.94537 1.74357 -0.0283733 0.0888835 -0.37283 0.923197
1548266085.52816 -0.322828 -1.95079 1.74101 -0.0188541 0.0798158 -0.370001 0.925404
1548266085.56129 -0.316164 -1.95499 1.73905 -0.0165792 0.0796827 -0.369917 0.925493
1548266085.59458 -0.309382 -1.95943 1.73708 -0.0147944 0.0818366 -0.37082 0.924974
1548266085.62795 -0.302503 -1.96335 1.73518 -0.0164306 0.0853639 -0.370535 0.924742
1548266085.66150 -0.296186 -1.96685 1.73343 -0.0155276 0.0869577 -0.37128 0.92431
1548266085.69483 -0.289978 -1.97014 1.73152 -0.0162667 0.0875711 -0.373196 0.923467
1548266085.72819 -0.283268 -1.97305 1.72938 -0.0183103 0.0891734 -0.372884 0.923402
1548266085.76140 -0.27624 -1.97596 1.7272 -0.0180157 0.0898859 -0.372994 0.923294
1548266085.79467 -0.269011 -1.97808 1.72507 -0.0199902 0.0887026 -0.372396 0.923609
1548266085.82805 -0.261838 -1.98113 1.72305 -0.0176274 0.0911421 -0.373847 0.922833
1548266085.86124 -0.254576 -1.98399 1.72083 -0.0205763 0.0919128 -0.377743 0.921107
1548266085.89483 -0.248019 -1.98718 1.71938 -0.0203884 0.0921337 -0.377725 0.921097
1548266085.92795 -0.241288 -1.99019 1.71797 -0.0208645 0.0927854 -0.380358 0.919937
1548266085.96114 -0.234448 -1.99361 1.7165 -0.0212812 0.09544 -0.385057 0.917698
1548266085.99440 -0.22849 -1.99712 1.71557 -0.0200568 0.0957823 -0.387999 0.91645
1548266086.02783 -0.222764 -2.00046 1.71442 -0.0205957 0.0968772 -0.392603 0.91436
1548266086.06103 -0.216973 -2.004 1.71305 -0.0199695 0.0979782 -0.397771 0.91202
1548266086.09447 -0.211226 -2.00718 1.71168 -0.0179073 0.0986078 -0.402155 0.91007
1548266086.12786 -0.205545 -2.00992 1.70995 -0.0175877 0.0967584 -0.405386 0.90884
1548266086.16122 -0.199949 -2.01258 1.70783 -0.0168728 0.0962611 -0.41185 0.905996
1548266086.19427 -0.194508 -2.01509 1.70568 -0.0172575 0.0951548 -0.416177 0.904126
1548266086.22790 -0.188872 -2.01706 1.70319 -0.0182163 0.0915327 -0.418419 0.903446
1548266086.26120 -0.183112 -2.02019 1.69981 -0.0146392 0.0917452 -0.424197 0.900791
1548266086.29435 -0.176637 -2.02329 1.69612 -0.0132995 0.0919574 -0.427967 0.899006
1548266086.32771 -0.170222 -2.02564 1.69261 -0.0159803 0.0907432 -0.432087 0.897113
1548266086.36122 -0.164195 -2.02853 1.68914 -0.0124517 0.0928912 -0.436211 0.89495
1548266086.39472 -0.157672 -2.02977 1.68571 -0.0178873 0.0924946 -0.441588 0.892258
1548266086.42811 -0.152005 -2.03101 1.68268 -0.0163318 0.0884326 -0.443472 0.891765
1548266086.46143 -0.146549 -2.03246 1.67971 -0.0131547 0.0873164 -0.445502 0.890916
1548266086.49499 -0.140389 -2.03343 1.67629 -0.0161986 0.0865259 -0.447094 0.890145
1548266086.52820 -0.134752 -2.03424 1.67348 -0.0153724 0.0840951 -0.448548 0.889661
1548266086.56155 -0.128519 -2.03545 1.67028 -0.0187602 0.0831983 -0.450627 0.888629
1548266086.59477 -0.122413 -2.03631 1.66745 -0.0189365 0.0829922 -0.449174 0.88938
1548266086.62814 -0.117211 -2.03635 1.6652 -0.0204171 0.0786551 -0.443524 0.892571
1548266086.66154 -0.112211 -2.03697 1.66336 -0.0213928 0.0764929 -0.441175 0.893899
1548266086.69453 -0.107388 -2.03634 1.66214 -0.0254792 0.07076 -0.431988 0.898738
1548266086.72785 -0.10303 -2.03629 1.6603 -0.023805 0.0649977 -0.424937 0.902573
1548266086.76115 -0.0973559 -2.03683 1.65917 -0.0271533 0.0641383 -0.424562 0.902716
1548266086.79455 -0.0902278 -2.03832 1.65759 -0.0285239 0.0614645 -0.414348 0.907593
1548266086.82791 -0.0830522 -2.04136 1.65448 -0.0281359 0.0637038 -0.409916 0.909461
1548266086.86134 -0.0763494 -2.04433 1.65053 -0.0278444 0.0695951 -0.410552 0.908751
1548266086.89464 -0.0694629 -2.04582 1.64638 -0.0316126 0.0674868 -0.39768 0.914492
1548266086.92794 -0.0625645 -2.05028 1.6409 -0.0274986 0.0665028 -0.39106 0.917548
1548266086.96131 -0.056347 -2.05375 1.63497 -0.0266344 0.0675218 -0.389157 0.918307
1548266086.99467 -0.0517635 -2.05551 1.62907 -0.0269598 0.064579 -0.37768 0.923288
1548266087.02778 -0.0480151 -2.05842 1.62334 -0.0252766 0.0620477 -0.371069 0.926185
1548266087.06139 -0.0442354 -2.06185 1.61744 -0.0232229 0.0618493 -0.368073 0.927447
1548266087.09478 -0.0408761 -2.0644 1.61193 -0.0220532 0.0594527 -0.363327 0.929501
1548266087.12820 -0.0380179 -2.06676 1.60699 -0.0226948 0.0608274 -0.366516 0.928144
1548266087.16146 -0.0359152 -2.06782 1.60219 -0.0240517 0.0575737 -0.365736 0.928625
1548266087.19486 -0.0335864 -2.06867 1.59715 -0.0258906 0.0570717 -0.364405 0.929129
1548266087.22809 -0.03099 -2.06982 1.59177 -0.0273868 0.0579342 -0.366228 0.928316
1548266087.26145 -0.0285315 -2.07124 1.58642 -0.0300026 0.0580047 -0.37251 0.925728
1548266087.29462 -0.026738 -2.0728 1.58104 -0.0298235 0.0590928 -0.372223 0.92578
1548266087.32812 -0.0250725 -2.07443 1.57566 -0.0290645 0.0607702 -0.374314 0.924852
1548266087.36131 -0.0241745 -2.07605 1.57044 -0.0281505 0.0613644 -0.37416 0.924903
1548266087.39480 -0.0242156 -2.07787 1.56536 -0.0263988 0.059181 -0.374258 0.925058
1548266087.42821 -0.024354 -2.07985 1.56046 -0.023745 0.0596644 -0.374624 0.924951
1548266087.46134 -0.0246403 -2.08205 1.55557 -0.020548 0.0589522 -0.374497 0.925124
1548266087.49487 -0.0250782 -2.0846 1.55062 -0.0161921 0.0581805 -0.376448 0.924467
1548266087.52771 -0.0255404 -2.08641 1.5456 -0.0144954 0.0576946 -0.374288 0.925403
1548266087.56135 -0.026434 -2.08731 1.54097 -0.0122666 0.0542248 -0.371519 0.926759
1548266087.59452 -0.027451 -2.08792 1.53638 -0.0101234 0.0527553 -0.371701 0.926797
1548266087.62798 -0.0281578 -2.08777 1.53228 -0.00892628 0.0511738 -0.369066 0.927951
1548266087.66136 -0.0286554 -2.08663 1.52872 -0.00930898 0.0492304 -0.36659 0.929033
1548266087.69455 -0.0291627 -2.08573 1.52502 -0.010039 0.0479339 -0.365976 0.929335
1548266087.72782 -0.0293261 -2.08501 1.52142 -0.0110747 0.0468478 -0.365821 0.92944
1548266087.76134 -0.0288352 -2.08412 1.51815 -0.0130933 0.0468042 -0.364786 0.929822
1548266087.79434 -0.0277824 -2.08329 1.51486 -0.0164892 0.0468897 -0.366433 0.929116
1548266087.82797 -0.027141 -2.08232 1.51251 -0.0153722 0.0475397 -0.364045 0.93004
1548266087.86126 -0.0262486 -2.08003 1.51057 -0.0188896 0.0476933 -0.360904 0.931191
1548266087.89460 -0.0253213 -2.07742 1.50862 -0.0226539 0.0461997 -0.359242 0.931825
1548266087.92815 -0.0239864 -2.07574 1.50641 -0.0260354 0.0480297 -0.359452 0.931563
1548266087.96125 -0.0229552 -2.0741 1.50455 -0.027314 0.049056 -0.356285 0.932689
1548266087.99456 -0.0222206 -2.07213 1.50246 -0.0302384 0.0483264 -0.357052 0.932343
1548266088.02800 -0.0217688 -2.06965 1.49962 -0.0340886 0.046416 -0.353183 0.93378
1548266088.06135 -0.0215762 -2.06716 1.4962 -0.0388514 0.0419613 -0.346901 0.936157
1548266088.09438 -0.0218018 -2.06649 1.49238 -0.0387047 0.040226 -0.347764 0.935919
1548266088.12806 -0.0214914 -2.06688 1.48898 -0.0396354 0.0397113 -0.347483 0.936006
1548266088.16155 -0.0209504 -2.06804 1.48574 -0.0394779 0.0383659 -0.345742 0.936713
1548266088.19451 -0.02104 -2.06879 1.48259 -0.038014 0.0384124 -0.345585 0.93683
1548266088.22809 -0.0220386 -2.06865 1.47919 -0.0377178 0.0347379 -0.342436 0.938141
1548266088.26160 -0.0232151 -2.06804 1.47567 -0.0397733 0.0300517 -0.340738 0.938836
1548266088.29496 -0.0238322 -2.06808 1.47245 -0.0402257 0.0297697 -0.342146 0.938313
1548266088.32782 -0.0233978 -2.06829 1.46925 -0.0428016 0.0272431 -0.33956 0.939215
1548266088.36106 -0.0224287 -2.06892 1.46618 -0.0440438 0.0286577 -0.340457 0.938791
1548266088.39462 -0.0209382 -2.06982 1.46311 -0.0458438 0.0293851 -0.342047 0.938104
1548266088.42785 -0.0186492 -2.071 1.46052 -0.0479905 0.0297915 -0.339821 0.938792
1548266088.46118 -0.0161583 -2.07212 1.45841 -0.050145 0.0312123 -0.337711 0.939395
1548266088.49464 -0.013803 -2.07262 1.45639 -0.0545656 0.0317614 -0.339952 0.938321
1548266088.52771 -0.0120101 -2.07273 1.45475 -0.0577452 0.0300594 -0.33988 0.938213
1548266088.56147 -0.0102713 -2.07267 1.45341 -0.0617603 0.0302495 -0.33829 0.938526
1548266088.59448 -0.00885143 -2.07309 1.45247 -0.0641924 0.0284016 -0.339163 0.938105
1548266088.62803 -0.00766169 -2.07366 1.45214 -0.0684339 0.0272839 -0.338749 0.937988
1548266088.66131 -0.00742749 -2.07419 1.45235 -0.0700478 0.0236322 -0.338189 0.93817
1548266088.69463 -0.00793928 -2.07419 1.45282 -0.0728322 0.0192575 -0.338366 0.937994
1548266088.76144 -0.00986911 -2.07492 1.45498 -0.0750843 0.00720286 -0.340227 0.937313
1548266088.79458 -0.010658 -2.07542 1.45628 -0.0785227 0.00319848 -0.33883 0.93756
1548266088.82829 -0.0109501 -2.07632 1.45779 -0.0800071 -0.00078488 -0.340972 0.936662
1548266088.86148 -0.0105431 -2.07748 1.45948 -0.080876 -0.00506253 -0.340257 0.936834
1548266088.89484 -0.00949534 -2.07912 1.46145 -0.0812771 -0.00871275 -0.339166 0.937168
1548266088.92818 -0.00827547 -2.08095 1.46372 -0.0821842 -0.0105829 -0.340476 0.936595
1548266088.96132 -0.00744843 -2.08256 1.46618 -0.0821038 -0.0126481 -0.341236 0.9363
1548266088.99464 -0.00702939 -2.08395 1.469 -0.080826 -0.0166375 -0.341388 0.936293
1548266089.02798 -0.00660788 -2.08472 1.47181 -0.0818248 -0.0173245 -0.339701 0.936807
1548266089.06123 -0.0060757 -2.08548 1.47503 -0.0824883 -0.0191789 -0.34097 0.936252
1548266089.09470 -0.00575203 -2.08592 1.47888 -0.0814075 -0.0220025 -0.342615 0.935684
1548266089.12782 -0.00560701 -2.08581 1.4832 -0.0833475 -0.0234077 -0.340884 0.936111
1548266089.16133 -0.00565801 -2.08533 1.48793 -0.085673 -0.0270276 -0.343472 0.934856
1548266089.19459 -0.00634215 -2.08473 1.4937 -0.0844635 -0.029699 -0.345359 0.93419
1548266089.22806 -0.0074022 -2.083 1.49969 -0.0892583 -0.0341581 -0.346034 0.933342
1548266089.26129 -0.00918712 -2.08121 1.50652 -0.0898279 -0.038997 -0.347193 0.932667
1548266089.29475 -0.0110007 -2.07939 1.51382 -0.093944 -0.0406782 -0.348123 0.931842
1548266089.32802 -0.0129932 -2.07723 1.52139 -0.0945783 -0.047568 -0.350687 0.93049
1548266089.36141 -0.0154084 -2.07486 1.52916 -0.0968224 -0.0513602 -0.352531 0.92936
1548266089.39462 -0.0179971 -2.07247 1.53678 -0.0993668 -0.0552303 -0.355151 0.927871
1548266089.42797 -0.0207657 -2.06991 1.54414 -0.10093 -0.0606496 -0.355232 0.927332
1548266089.46134 -0.0234903 -2.06759 1.5513 -0.102323 -0.0629635 -0.356625 0.92649
1548266089.49466 -0.0261886 -2.06538 1.55813 -0.104883 -0.0657365 -0.36081 0.924389
1548266089.52811 -0.0288002 -2.06328 1.56472 -0.107109 -0.0690284 -0.363057 0.923013
1548266089.56148 -0.0310254 -2.06184 1.57097 -0.110054 -0.0686717 -0.364116 0.922275
1548266089.59446 -0.033638 -2.06114 1.57711 -0.109628 -0.0648276 -0.365763 0.921953
1548266089.62806 -0.0362689 -2.0592 1.58191 -0.106684 -0.0700275 -0.378077 0.916937
1548266089.66152 -0.0383176 -2.05907 1.58744 -0.11263 -0.0657245 -0.367609 0.920792
1548266089.69474 -0.0411126 -2.05871 1.59221 -0.123013 -0.0529022 -0.36518 0.921256
1548266089.72805 -0.0446176 -2.05652 1.59538 -0.11256 -0.0643706 -0.380494 0.915648
1548266089.76115 -0.0477778 -2.05602 1.59907 -0.115947 -0.0670648 -0.37201 0.918514
1548266089.79479 -0.0519909 -2.05413 1.60242 -0.113645 -0.0650107 -0.379772 0.915768
1548266089.82818 -0.0555909 -2.05359 1.6058 -0.113817 -0.0651634 -0.375058 0.917677
1548266089.86119 -0.0591514 -2.05106 1.60744 -0.103958 -0.0822157 -0.392066 0.910339
1548266089.89459 -0.0631432 -2.0516 1.61102 -0.113153 -0.0678755 -0.375037 0.917571
1548266089.92785 -0.0661835 -2.0498 1.61212 -0.10514 -0.0816325 -0.391659 0.910431
1548266089.96133 -0.0695579 -2.05021 1.61435 -0.113412 -0.0743408 -0.380574 0.914754
1548266089.99461 -0.072696 -2.05001 1.61569 -0.112885 -0.0741072 -0.381224 0.914567
1548266090.02774 -0.0760306 -2.04953 1.61637 -0.10451 -0.0779464 -0.389221 0.911871
1548266090.06119 -0.0787284 -2.05006 1.61705 -0.103106 -0.0788811 -0.38826 0.91236
1548266090.09444 -0.081361 -2.05185 1.61824 -0.104765 -0.0710868 -0.378728 0.916808
1548266090.12776 -0.0836378 -2.05163 1.6176 -0.100118 -0.0777305 -0.391994 0.911194
1548266090.16141 -0.0857223 -2.05268 1.6177 -0.100053 -0.0768761 -0.390095 0.912089
1548266090.19481 -0.08756 -2.05426 1.61847 -0.102556 -0.0693044 -0.380885 0.9163
1548266090.22784 -0.0893008 -2.05465 1.61868 -0.100984 -0.0690874 -0.381757 0.916128
1548266090.26110 -0.0905763 -2.05385 1.61835 -0.0993716 -0.0741098 -0.391464 0.911805
1548266090.29443 -0.0920511 -2.05466 1.6196 -0.101138 -0.0669036 -0.381804 0.916254
1548266090.32812 -0.0926043 -2.05381 1.61978 -0.102733 -0.0696725 -0.385237 0.914431
1548266090.36147 -0.0934384 -2.05249 1.62004 -0.099721 -0.0709535 -0.392287 0.911664
1548266090.39492 -0.0943035 -2.05142 1.62103 -0.0976389 -0.0705985 -0.394004 0.911177
1548266090.42811 -0.0946648 -2.05071 1.62266 -0.104978 -0.0643062 -0.38723 0.913727
1548266090.46118 -0.0955387 -2.0495 1.62418 -0.10543 -0.0622609 -0.385961 0.914354
1548266090.49486 -0.0967313 -2.04844 1.62585 -0.104045 -0.0569979 -0.383916 0.915715
1548266090.52780 -0.0977259 -2.04696 1.62714 -0.105235 -0.0559045 -0.384674 0.915328
1548266090.56161 -0.0991206 -2.04408 1.62773 -0.105187 -0.0608134 -0.394053 0.911021
1548266090.59484 -0.10017 -2.04324 1.62955 -0.107734 -0.0563646 -0.383556 0.915479
1548266090.62817 -0.101501 -2.04148 1.63074 -0.108219 -0.0552044 -0.38377 0.915402
1548266090.66131 -0.102602 -2.04008 1.63181 -0.10837 -0.0547324 -0.383566 0.915498
1548266090.69488 -0.103561 -2.03894 1.63283 -0.108493 -0.0523576 -0.382425 0.9161
1548266090.72799 -0.104588 -2.03804 1.63357 -0.106841 -0.0508038 -0.381931 0.916587
1548266090.76146 -0.105378 -2.03726 1.63398 -0.108252 -0.052728 -0.384538 0.915222
1548266090.79483 -0.107169 -2.03649 1.6341 -0.103751 -0.0515208 -0.390051 0.913478
1548266090.82807 -0.108763 -2.03626 1.63408 -0.100789 -0.0551009 -0.394186 0.911824
1548266090.86112 -0.110541 -2.03766 1.6348 -0.103988 -0.0499605 -0.385107 0.915633
1548266090.89453 -0.113169 -2.03769 1.63432 -0.0962569 -0.0530445 -0.392399 0.913205
1548266090.92787 -0.115657 -2.03879 1.63422 -0.0926854 -0.051834 -0.392034 0.913801
1548266090.96143 -0.117548 -2.0405 1.63462 -0.09585 -0.0467538 -0.383489 0.917367
1548266090.99473 -0.120264 -2.04086 1.63435 -0.0892029 -0.0462261 -0.388796 0.915829
1548266091.02786 -0.121865 -2.0418 1.6346 -0.0918317 -0.0411719 -0.382706 0.918372
1548266091.06131 -0.124511 -2.0409 1.63404 -0.0864979 -0.0411361 -0.393365 0.91438
1548266091.09469 -0.126952 -2.04122 1.63488 -0.0884669 -0.0333678 -0.380126 0.920089
1548266091.12827 -0.129559 -2.03994 1.63483 -0.0886569 -0.0318507 -0.379903 0.920217
1548266091.16150 -0.132466 -2.03734 1.6341 -0.0857829 -0.0361415 -0.394748 0.914062
1548266091.19461 -0.13494 -2.03599 1.63465 -0.0936784 -0.027171 -0.383547 0.918356
1548266091.22818 -0.137379 -2.03302 1.63427 -0.0948905 -0.0322865 -0.389218 0.915676
1548266091.26151 -0.139721 -2.03069 1.63435 -0.0956365 -0.0274 -0.389767 0.915524
1548266091.29464 -0.141633 -2.02808 1.63436 -0.096258 -0.0269348 -0.391464 0.914749
1548266091.32772 -0.142984 -2.025 1.63429 -0.101203 -0.0251206 -0.390234 0.914792
1548266091.36170 -0.144033 -2.02219 1.63411 -0.103494 -0.0256499 -0.392235 0.913665
1548266091.39480 -0.14519 -2.01952 1.63378 -0.106641 -0.0241114 -0.391868 0.913502
1548266091.42812 -0.146743 -2.01712 1.63366 -0.106932 -0.0238101 -0.391537 0.913618
1548266091.46158 -0.148453 -2.01485 1.63343 -0.106334 -0.0254321 -0.390555 0.914064
