1341846226.950000 0.000000000 0.000000000 0.000000000 -0.000000000 -0.000000000 -0.000000000 1.000000000
1341846226.985981 0.006811268 -0.003730660 -0.002454625 0.000863350 -0.001732307 0.000421600 0.999998093
1341846227.017919 0.004535589 0.002382807 -0.002659962 0.001293982 -0.002175492 -0.000068006 0.999996841
1341846227.050040 0.003052604 0.004193013 0.001775956 0.001721887 -0.002211499 -0.002067402 0.999993980
1341846227.085982 0.004501630 0.004265223 0.000040902 0.002422094 -0.002247058 -0.002320278 0.999991834
1341846227.118052 0.008083598 0.004176529 0.000045951 0.002850376 -0.002646794 -0.002383596 0.999989569
1341846227.149935 0.006998206 0.003073099 -0.002635572 0.003249673 -0.002846225 -0.002772473 0.999986827
1341846227.186053 -0.000501643 0.008220023 -0.004172509 0.003679341 -0.002932605 -0.003528161 0.999982715
1341846227.218443 0.008542864 0.004549352 -0.002580351 0.002251216 -0.004474906 -0.004516964 0.999977291
1341846227.253944 0.006402019 -0.006077103 -0.000365260 0.002195982 -0.003901179 -0.006564493 0.999968469
1341846227.285981 0.008812811 -0.002753348 -0.001489541 0.003668457 -0.004728040 -0.007081962 0.999957025
1341846227.320064 0.010077694 -0.001488876 -0.004226343 0.003603773 -0.006646342 -0.008087217 0.999938726
1341846227.353969 0.007015839 0.000887787 -0.001297838 0.004435821 -0.007839397 -0.009775507 0.999911726
1341846227.385846 0.009123165 0.000890908 -0.002404127 0.003846802 -0.010748000 -0.010250515 0.999882340
1341846227.418015 0.002789956 -0.000332324 -0.002868805 0.002162075 -0.013372188 -0.013167512 0.999821544
1341846227.453997 0.001145418 0.003195377 -0.002948121 0.001300940 -0.015471784 -0.017538069 0.999725640
1341846227.485981 0.009727656 0.001698788 -0.002816115 0.000485713 -0.017922096 -0.019192643 0.999655068
1341846227.521976 0.003936179 -0.006317014 -0.011255493 -0.000963583 -0.018672884 -0.020427294 0.999616563
1341846227.553980 0.013222858 -0.006633200 0.005153771 0.001107774 -0.022589134 -0.020897686 0.999525785
1341846227.586047 0.012813308 -0.006598487 0.001037097 0.002323810 -0.022824649 -0.024216071 0.999443471
1341846227.622081 0.014537420 0.004030557 -0.002278912 0.003772760 -0.022065446 -0.027368907 0.999374688
1341846227.653945 0.015373753 -0.006461131 0.004896451 0.002042232 -0.022500400 -0.026786465 0.999385834
1341846227.686038 0.023947172 -0.018695908 0.000727214 0.003571439 -0.024911033 -0.026472019 0.999332786
1341846227.721966 0.019400887 -0.006360312 -0.001849541 0.007396709 -0.021761026 -0.029636759 0.999296486
1341846227.754130 0.023391280 -0.010633677 -0.003780285 0.007892306 -0.019668188 -0.028737027 0.999362409
1341846227.789951 0.024923427 -0.013622656 -0.005032190 0.008957221 -0.017956970 -0.027176784 0.999429226
1341846227.821920 0.026379116 -0.004384432 -0.000607658 0.010841739 -0.016082410 -0.026856789 0.999451160
1341846227.854275 0.027529279 -0.014190322 -0.006797676 0.009571746 -0.014137197 -0.026219826 0.999510407
1341846227.889935 0.020318232 -0.011692488 -0.000652417 0.010264825 -0.011202886 -0.025325866 0.999563754
1341846227.921967 0.027105039 -0.003847342 0.003881650 0.011607364 -0.011324498 -0.026030110 0.999529660
1341846227.958123 0.026087720 -0.001779701 0.000314113 0.011846021 -0.009986666 -0.026635397 0.999525189
1341846227.989985 0.030256204 -0.008843730 -0.001984461 0.010258383 -0.008540461 -0.026378883 0.999562979
1341846228.021937 0.028835962 -0.018288406 -0.000865416 0.009032228 -0.007197001 -0.026737709 0.999575853
1341846228.058222 0.027734349 -0.012793991 0.001882035 0.012100895 -0.006915059 -0.025475452 0.999578357
1341846228.090097 0.037605111 -0.003698054 -0.003372784 0.012895931 -0.006926817 -0.024765955 0.999586105
1341846228.121845 0.037430357 -0.008348712 -0.000229720 0.009014077 -0.004883408 -0.024243988 0.999653518
1341846228.157875 0.029148480 -0.007822049 -0.009457193 0.006689015 -0.003769535 -0.020818951 0.999753833
1341846228.189872 0.029176284 -0.005600113 -0.008867490 0.004791366 -0.004379956 -0.018763382 0.999802887
1341846228.225994 0.036917582 -0.006648859 0.002924906 0.003183545 -0.005636511 -0.019514309 0.999788642
1341846228.258336 0.032644417 -0.012721497 0.003877457 0.002852563 -0.005630921 -0.021320807 0.999752760
1341846228.289941 0.033905111 -0.015307792 0.000594771 0.003085902 -0.006155310 -0.018991884 0.999795973
1341846228.326018 0.043764509 -0.015533496 0.000588448 0.003665771 -0.006826115 -0.019972753 0.999770522
1341846228.358243 0.039794870 -0.013446892 0.001953538 0.004137765 -0.004626233 -0.019050768 0.999799252
1341846228.389779 0.039633665 -0.010492135 0.006681218 0.004434516 -0.003974548 -0.018278124 0.999815226
1341846228.426073 0.040831439 -0.015105148 0.000543542 0.003934961 -0.003493123 -0.019359687 0.999798715
1341846228.493915 0.034423497 -0.012925605 -0.005033172 0.004511539 -0.000223680 -0.016487110 0.999853909
1341846228.525907 0.034418371 -0.019973481 -0.009337051 0.002976474 -0.001162742 -0.016476138 0.999859214
1341846228.558208 0.043395761 -0.013052282 0.003132731 0.004042115 -0.001839295 -0.015895898 0.999863803
1341846228.593899 0.037035152 -0.014646297 0.000357894 0.004085913 -0.000237301 -0.016146831 0.999861300
1341846228.626021 0.032833971 -0.016680973 -0.005402694 0.003699982 -0.001530356 -0.013158049 0.999905467
1341846228.658069 0.036413167 -0.010071935 -0.000216701 0.003779799 -0.002831181 -0.013747821 0.999894381
1341846228.693942 0.039692000 -0.010702001 -0.001990395 0.002749618 -0.002429674 -0.015754638 0.999869168
1341846228.726069 0.039771751 -0.011473282 -0.000539317 0.001929365 -0.001281425 -0.015009683 0.999884725
1341846228.762090 0.026284823 -0.011009816 0.001900543 0.001857379 0.000695128 -0.014284832 0.999896049
1341846228.794000 0.040667273 -0.021585394 -0.002562258 0.001608429 -0.002037691 -0.011277714 0.999933064
1341846228.825934 0.045009218 -0.010659291 -0.000838221 0.004078518 -0.001730825 -0.011362553 0.999925673
1341846228.862015 0.038285982 -0.017066315 -0.004163213 0.002983528 -0.000903432 -0.009324277 0.999951720
1341846228.893856 0.034783799 -0.014618142 -0.001838614 0.003764966 -0.001525791 -0.008838270 0.999952734
1341846228.926548 0.039884515 -0.017926307 -0.004790653 0.003479809 -0.002296004 -0.009371089 0.999947429
1341846228.961940 0.041704547 -0.011164640 -0.002346287 0.003993998 -0.001748840 -0.009965303 0.999940872
1341846228.994040 0.043731146 -0.008752792 -0.006033474 0.003389551 -0.001990955 -0.008370259 0.999957263
1341846229.029897 0.049163390 -0.014417689 -0.004204948 0.002844019 -0.003154323 -0.007620111 0.999961972
1341846229.061870 0.046524309 -0.018127121 -0.002473760 0.003276541 -0.002250612 -0.008396377 0.999956846
1341846229.094829 0.050811667 -0.011400106 -0.007291248 0.004316825 -0.002056995 -0.006561745 0.999967098
1341846229.129930 0.049858324 -0.009323427 -0.009829856 0.004403783 -0.001763425 -0.005340373 0.999974549
1341846229.161882 0.046178482 -0.013867187 -0.003854898 0.002986119 -0.000520956 -0.006941462 0.999971330
1341846229.197882 0.050270796 -0.014720011 -0.004901896 0.003406279 -0.001050875 -0.006605136 0.999971867
1341846229.229812 0.044390909 -0.018351888 -0.006118526 0.004270887 -0.000865591 -0.006897413 0.999966741
1341846229.261994 0.044399273 -0.015192172 -0.013863632 0.006135957 -0.001288448 -0.007215463 0.999954343
1341846229.297920 0.035196878 -0.014159846 -0.011803919 0.006122298 -0.000017358 -0.009374016 0.999937356
1341846229.329933 0.037906148 -0.008988591 -0.011436934 0.006870180 -0.001140154 -0.009327875 0.999932230
1341846229.361996 0.040267095 -0.019043913 -0.002685799 0.005179243 -0.002021105 -0.009784598 0.999936700
1341846229.398029 0.046611801 -0.029461566 -0.005731137 0.006177759 -0.002803809 -0.008555597 0.999940455
1341846229.430182 0.043910183 -0.020849841 -0.008550203 0.010158081 -0.002575770 -0.008121534 0.999912202
1341846229.471963 0.042447247 -0.019900281 -0.007490679 0.011072394 -0.002309717 -0.008125544 0.999903023
1341846229.530149 0.039426245 -0.012546035 -0.009657832 0.013800275 -0.001043921 -0.006461687 0.999883354
1341846229.566064 0.039791916 -0.019475672 -0.011997606 0.012834860 -0.001109981 -0.004277265 0.999907911
1341846229.630063 0.047627173 -0.014550603 -0.013983836 0.017077070 -0.000202870 -0.000976071 0.999853671
1341846229.665946 0.047430806 -0.014746144 -0.006671552 0.016472194 0.000219829 -0.000344194 0.999864280
1341846229.698150 0.049336612 -0.024383107 -0.010074542 0.015798815 0.000171459 0.000871582 0.999874830
1341846229.733828 0.052030046 -0.020923523 -0.012831002 0.019804172 0.001363157 0.002323179 0.999800324
1341846229.765937 0.047899257 -0.020222075 -0.020310646 0.020000547 0.003343502 0.002334224 0.999791622
1341846229.798002 0.045942351 -0.015003877 -0.015552413 0.018778685 0.003692779 0.001495957 0.999815702
1341846229.833857 0.046585143 -0.023312669 -0.012282649 0.017729232 0.003722668 0.001044289 0.999835372
1341846229.865928 0.043283273 -0.025945229 -0.012708501 0.018912587 0.005158361 0.000835390 0.999807477
1341846229.897926 0.039272893 -0.017712256 -0.022046285 0.019709444 0.006058171 0.000885349 0.999787033
1341846229.939857 0.040259246 -0.009823399 -0.015831074 0.018645195 0.006189737 -0.001148189 0.999806345
1341846230.002061 0.027589815 -0.004040357 -0.022361295 0.016545754 0.009182290 -0.003285347 0.999815524
1341846230.033858 0.030763846 -0.004323360 -0.011764315 0.013769185 0.008560185 -0.004713297 0.999857485
1341846230.065938 0.034501467 -0.007843293 -0.012568494 0.013261531 0.008644856 -0.002830052 0.999870718
1341846230.103878 0.042981777 -0.014019964 -0.012160855 0.012325325 0.008118163 -0.000162854 0.999891102
1341846230.144719 0.038047962 -0.008939363 -0.016048338 0.011980039 0.009065928 -0.001074802 0.999886572
1341846230.172747 0.037178978 -0.011022349 -0.014139444 0.011443909 0.009457246 0.000062696 0.999889791
1341846230.208544 0.032618545 -0.009364987 -0.012808172 0.012507389 0.010965758 0.000857244 0.999861360
1341846230.271971 0.034707040 -0.009890257 -0.010407940 0.011153381 0.010818631 0.000709848 0.999879062
1341846230.334051 0.048778936 -0.020135177 -0.016547447 0.014302198 0.009249357 0.003971899 0.999847054
1341846230.370031 0.043611336 -0.026244160 -0.020865323 0.015276745 0.010864569 0.002491773 0.999821186
1341846230.401932 0.045976225 -0.025129313 -0.016572734 0.017468413 0.011266767 0.001869473 0.999782205
1341846230.437965 0.051028792 -0.022949513 -0.017801642 0.019532964 0.011312352 0.001160361 0.999744534
1341846230.469920 0.048973534 -0.014727237 -0.014774545 0.022098921 0.012023711 0.000367301 0.999683440
1341846230.501933 0.047868349 -0.012277020 -0.024120260 0.021888489 0.011954197 -0.001721929 0.999687493
1341846230.537834 0.042731661 -0.019314524 -0.026965249 0.020540196 0.012661174 -0.001952249 0.999706984
1341846230.569803 0.045527846 -0.022193892 -0.018877832 0.021636928 0.011623636 -0.001693122 0.999696910
1341846230.601945 0.049687855 -0.021348087 -0.021458715 0.023539124 0.010267084 -0.000740274 0.999669909
1341846230.637789 0.042538576 -0.018612618 -0.022809349 0.024976000 0.010602312 -0.001559541 0.999630630
1341846230.670057 0.042731076 -0.010012433 -0.026292700 0.025624014 0.010230482 -0.002079703 0.999617219
1341846230.705937 0.047828455 -0.014517858 -0.026036918 0.023849983 0.008774757 -0.002262588 0.999674499
1341846230.737932 0.048108850 -0.023336066 -0.020286663 0.023541465 0.008419142 -0.001431563 0.999686420
1341846230.769960 0.043920401 -0.015468597 -0.013617768 0.025690073 0.008932572 -0.002119363 0.999627888
1341846230.805852 0.045030583 -0.021400208 -0.020175276 0.025224643 0.008367294 -0.000966572 0.999646366
1341846230.837804 0.048710022 -0.015589288 -0.017141242 0.026298188 0.007577925 -0.002006949 0.999623418
1341846230.869829 0.051359147 -0.020227935 -0.020052619 0.026531143 0.007312110 -0.001128689 0.999620616
1341846230.905851 0.044087078 -0.018185075 -0.020494487 0.027309097 0.008216498 -0.001610562 0.999591947
1341846230.937917 0.046760958 -0.017580645 -0.016420428 0.027383048 0.006610960 -0.001668694 0.999601781
1341846230.973933 0.045101795 -0.023302926 -0.021799672 0.027293164 0.006537515 -0.002016299 0.999604106
1341846231.006047 0.050342582 -0.024110554 -0.018857375 0.028344678 0.005762538 -0.000543442 0.999581516
1341846231.037936 0.047113109 -0.017383751 -0.024473742 0.028993249 0.005475355 -0.001215939 0.999563873
1341846231.074310 0.047762766 -0.016097758 -0.017580340 0.029073551 0.004782123 -0.001986763 0.999563932
1341846231.106085 0.047064375 -0.025707576 -0.019854121 0.029155655 0.004694773 -0.001347705 0.999562979
1341846231.138083 0.044479724 -0.025228586 -0.021393955 0.030012550 0.004603793 -0.001845583 0.999537230
1341846231.174011 0.045551684 -0.021624014 -0.022982936 0.030621834 0.003966940 -0.002177642 0.999520779
1341846231.205909 0.049272742 -0.020940872 -0.019666631 0.031735387 0.003146841 -0.002345240 0.999488652
1341846231.241869 0.046987340 -0.039473191 -0.024812017 0.029959511 0.003820763 -0.002886999 0.999539673
1341846231.273832 0.041145224 -0.024511723 -0.024261154 0.032653976 0.004333753 -0.002943530 0.999453008
1341846231.305846 0.047458380 -0.025465151 -0.025163803 0.033756413 0.003148585 -0.002320373 0.999422491
1341846231.341923 0.043184780 -0.020189527 -0.028202623 0.034213174 0.003361105 -0.001800988 0.999407291
1341846231.410022 0.045572069 -0.026777018 -0.022332437 0.030583575 0.002403887 -0.002548982 0.999526083
1341846231.442103 0.042766917 -0.023249883 -0.024342811 0.031268489 0.002924988 -0.003103356 0.999502003
1341846231.484245 0.045161668 -0.028230362 -0.025220089 0.030408168 0.001283162 -0.000495223 0.999536633
1341846231.516816 0.044683844 -0.027731877 -0.030070454 0.029425520 0.001101661 -0.000632800 0.999566197
1341846231.547853 0.048131008 -0.016085226 -0.031322248 0.029202973 0.001986132 -0.003097349 0.999566734
1341846231.583898 0.042646307 -0.011617326 -0.021799069 0.026659472 0.004598237 -0.006359063 0.999613762
1341846231.615993 0.045211993 -0.017090350 -0.014716839 0.024832495 0.005984189 -0.007889791 0.999642611
1341846231.648015 0.041146915 -0.030823724 -0.013774442 0.024487244 0.006422271 -0.010834854 0.999620795
1341846231.683822 0.048836585 -0.043065954 -0.016011475 0.027839761 0.003417136 -0.010609268 0.999550283
1341846231.716153 0.045854054 -0.038613372 -0.014899293 0.034914538 0.003244288 -0.010230641 0.999332666
1341846231.747846 0.038489737 -0.025918106 -0.022676690 0.040520281 0.002989375 -0.011735504 0.999105394
1341846231.783993 0.051070277 -0.021197444 -0.021163417 0.041789185 0.000041600 -0.010769160 0.999068439
1341846231.817027 0.058435958 -0.017444590 -0.019847272 0.042124819 -0.000916306 -0.010690942 0.999054730
1341846231.852317 0.049257670 -0.025558079 -0.021574121 0.039917190 -0.000292653 -0.009520044 0.999157608
1341846231.909867 0.052105512 -0.022684431 -0.016541354 0.036471643 -0.003020169 -0.008098156 0.999297321
1341846231.945837 0.051822897 -0.021430377 -0.015061425 0.036828808 -0.003603848 -0.007207067 0.999289155
1341846231.978027 0.048355538 -0.023087339 -0.019336153 0.036490165 -0.003341412 -0.007773772 0.999298215
1341846232.009966 0.046159510 -0.019798687 -0.016182749 0.035801899 -0.003496946 -0.008048140 0.999320388
1341846232.045845 0.042282682 -0.028933305 -0.015296164 0.033918034 -0.004572600 -0.006539273 0.999392807
1341846232.077961 0.043028381 -0.025090279 -0.014331911 0.034983192 -0.005665585 -0.005234181 0.999358177
1341846232.109864 0.051728927 -0.024434716 -0.018842950 0.034832820 -0.007314312 -0.006484124 0.999345362
1341846232.145999 0.051448036 -0.027969286 -0.021581605 0.033735260 -0.006998023 -0.007259597 0.999379933
1341846232.178314 0.053921867 -0.026262442 -0.020886580 0.033621024 -0.007110511 -0.007339567 0.999382436
1341846232.215951 0.056271277 -0.024502441 -0.021358645 0.034570199 -0.007232741 -0.006658536 0.999353945
1341846232.252037 0.049047802 -0.028477000 -0.019590145 0.034934383 -0.006071795 -0.005582443 0.999355614
1341846232.283944 0.053105101 -0.028055588 -0.020260133 0.035487063 -0.006898405 -0.003675314 0.999339640
1341846232.319867 0.053925361 -0.024313970 -0.017228482 0.035882343 -0.006761425 -0.003407174 0.999327362
1341846232.351854 0.050567914 -0.023749273 -0.020051377 0.033775311 -0.005887808 -0.004385297 0.999402523
1341846232.383877 0.046728685 -0.025474479 -0.018423965 0.031472635 -0.005326692 -0.006044014 0.999472201
1341846232.419782 0.052565288 -0.030727653 -0.012521591 0.030203994 -0.006988281 -0.008015416 0.999487221
1341846232.451780 0.056478377 -0.028824011 -0.013991823 0.031725220 -0.007858737 -0.007821382 0.999435186
1341846232.484170 0.058544256 -0.029383164 -0.013702561 0.032612689 -0.007708798 -0.007783473 0.999408066
1341846232.519889 0.056087129 -0.029721329 -0.013456741 0.033412542 -0.007607292 -0.007354722 0.999385655
1341846232.551877 0.055428680 -0.030519504 -0.011422287 0.033823084 -0.007725759 -0.007694399 0.999368370
1341846232.583846 0.058040984 -0.030273598 -0.014377316 0.035100490 -0.007770815 -0.007511251 0.999325395
1341846232.619798 0.057280775 -0.030888256 -0.014777683 0.036726486 -0.007100087 -0.006284699 0.999280393
1341846232.651799 0.050320961 -0.026463112 -0.013546474 0.038634367 -0.005627917 -0.007128038 0.999212205
1341846232.688092 0.057006840 -0.026217677 -0.012538560 0.040341798 -0.006291626 -0.006873065 0.999142528
1341846232.719804 0.052594952 -0.026854908 -0.018693605 0.042373575 -0.005024727 -0.007600414 0.999060273
1341846232.751767 0.058595393 -0.026639128 -0.009585419 0.044358812 -0.004792165 -0.008413128 0.998968780
1341846232.787894 0.058541495 -0.028959807 -0.010661089 0.045838635 -0.003991886 -0.009459908 0.998896122
1341846232.819886 0.056192260 -0.026772702 -0.013367389 0.048163250 -0.002537573 -0.010020307 0.998785973
1341846232.855850 0.054417908 -0.024970265 -0.010088230 0.050485808 -0.001690657 -0.010926532 0.998663604
1341846232.887989 0.058906186 -0.024469266 -0.009154273 0.052129935 -0.001387674 -0.011579731 0.998572230
1341846232.919822 0.057809763 -0.029929299 -0.010158228 0.051634498 -0.000906737 -0.011745898 0.998596549
1341846232.955993 0.058224462 -0.032250576 -0.010128090 0.052344389 -0.000812851 -0.011521735 0.998562336
1341846232.987965 0.066445321 -0.028168110 -0.019897033 0.052732699 -0.000813621 -0.011711898 0.998539686
1341846233.023868 0.061982226 -0.025447503 -0.012427862 0.051533308 0.001413334 -0.011649985 0.998602390
1341846233.055880 0.055828363 -0.027534086 -0.012914907 0.050188806 0.003846994 -0.012628620 0.998652577
1341846233.087872 0.046125736 -0.027795887 -0.015225691 0.049521316 0.005621596 -0.014088539 0.998657942
1341846233.124060 0.055657435 -0.032302983 -0.015572339 0.049271408 0.003129038 -0.013843163 0.998684585
1341846233.155902 0.053665690 -0.035635144 -0.019544797 0.050856844 0.002201462 -0.013718425 0.998609364
1341846233.218177 0.057184715 -0.034469094 -0.022131525 0.055524249 0.001103023 -0.017389318 0.998305380
1341846233.249926 0.056023154 -0.023245765 -0.032210208 0.055346295 0.001465067 -0.017126748 0.998319268
1341846233.286015 0.058078822 -0.027812205 -0.027067501 0.053723168 0.001473345 -0.019169547 0.998370767
1341846233.317870 0.065405861 -0.034162711 -0.006563661 0.053678885 0.001312424 -0.019379850 0.998369336
1341846233.349815 0.063808866 -0.033909798 -0.011718067 0.054439593 0.001964124 -0.018650861 0.998340964
1341846233.385857 0.061575994 -0.028997667 -0.009623680 0.055319566 0.001469270 -0.017305877 0.998317659
1341846233.417990 0.069860741 -0.034546308 -0.000532940 0.054723199 -0.000377039 -0.017440584 0.998349249
1341846233.453822 0.058620609 -0.034233570 -0.009215322 0.055233434 0.000506102 -0.016367802 0.998339236
1341846233.485912 0.059161816 -0.032334615 -0.010712567 0.056762349 -0.000248812 -0.017721429 0.998230457
1341846233.517954 0.060247179 -0.029985026 -0.012768066 0.056763340 -0.001357587 -0.018460959 0.998216093
1341846233.553882 0.062057339 -0.031301841 -0.006554802 0.056603428 -0.002624236 -0.019212218 0.998208463
1341846233.585968 0.058165807 -0.036922444 -0.011043408 0.057118796 -0.002969103 -0.018625317 0.998189211
1341846233.621898 0.063159697 -0.033662006 -0.007508873 0.058796648 -0.003435838 -0.018859901 0.998085976
1341846233.654396 0.058616124 -0.030112017 -0.010807564 0.059085395 -0.001802577 -0.019219680 0.998066306
1341846233.685848 0.053921301 -0.027487289 -0.013388674 0.058816642 0.000108999 -0.020097518 0.998066545
1341846233.721879 0.053527690 -0.028528137 -0.013671085 0.057649005 0.000415122 -0.019030888 0.998155475
1341846233.753961 0.054910198 -0.031689309 -0.014101782 0.056771968 0.000471366 -0.018732321 0.998211324
1341846233.822009 0.061977409 -0.031332601 -0.013848403 0.055295020 0.000708723 -0.017178871 0.998322070
1341846233.853971 0.063726000 -0.032533888 -0.010449452 0.054164726 0.000407336 -0.016733188 0.998391747
1341846233.889920 0.062371910 -0.031531949 -0.013168084 0.053562332 0.000435448 -0.017392008 0.998413026
1341846233.922045 0.063173540 -0.031895690 -0.010751136 0.052565694 -0.000427280 -0.017986540 0.998455405
1341846233.953967 0.066977978 -0.031060094 -0.009065490 0.052301053 -0.001560659 -0.017352642 0.998479426
1341846233.989945 0.065201901 -0.032231320 -0.008897605 0.051971000 -0.002650677 -0.017657852 0.998488963
1341846234.021936 0.061645094 -0.030900778 -0.012035872 0.051112738 -0.002643698 -0.017824961 0.998530388
1341846234.053904 0.067672767 -0.034940377 -0.007074872 0.050046019 -0.003370142 -0.018186012 0.998575687
1341846234.089899 0.063704543 -0.031022416 -0.007982599 0.050634131 -0.002224315 -0.018842001 0.998537123
1341846234.158063 0.062523946 -0.035265647 -0.009672694 0.049686447 -0.001685269 -0.018162068 0.998598337
1341846234.189961 0.065227345 -0.034303240 -0.010452510 0.050782297 -0.001822770 -0.017308274 0.998558104
1341846234.222130 0.070112601 -0.029771468 -0.008529721 0.050969727 -0.002123018 -0.017259724 0.998548806
1341846234.257875 0.070687540 -0.031969663 -0.007687140 0.049224589 -0.001903338 -0.016655214 0.998647094
1341846234.289820 0.071203560 -0.033642113 -0.005771445 0.048888426 -0.001172528 -0.016785176 0.998662531
1341846234.321998 0.073742889 -0.031003049 -0.002159207 0.050382931 -0.000503569 -0.018050062 0.998566806
1341846234.357904 0.079998434 -0.031549986 0.000815954 0.050719142 -0.001514964 -0.019232938 0.998526633
1341846234.389919 0.068715431 -0.033183236 -0.001039583 0.050768610 -0.000607550 -0.018450297 0.998539865
1341846234.425915 0.071532078 -0.035025101 -0.001205740 0.051728353 -0.001984723 -0.016662220 0.998520195
1341846234.457800 0.070331246 -0.028122991 -0.005636647 0.052256204 -0.001948779 -0.016575418 0.998494267
1341846234.490016 0.065646529 -0.029296866 -0.005815333 0.049108978 -0.001832805 -0.016768103 0.998651028
1341846234.525867 0.074928790 -0.035743460 -0.000788575 0.047382649 -0.003233653 -0.015867397 0.998745620
1341846234.557961 0.079769671 -0.030152818 -0.001670088 0.047790445 -0.003870208 -0.014905800 0.998738706
1341846234.593900 0.075528167 -0.027217815 -0.000566272 0.046630122 -0.003954698 -0.012883998 0.998821318
1341846234.658173 0.073232159 -0.033223767 -0.004012677 0.044782083 -0.005914442 -0.011298519 0.998915434
1341846234.694104 0.077755079 -0.030630277 -0.000503460 0.044989869 -0.007666893 -0.011164577 0.998895705
1341846234.725911 0.072915383 -0.034576945 -0.004921794 0.044704068 -0.008573675 -0.009622484 0.998917222
1341846234.758643 0.076018579 -0.033249673 -0.002115826 0.045764107 -0.009648046 -0.009796767 0.998857677
1341846234.793907 0.073977381 -0.031714559 -0.004226919 0.045349456 -0.009428987 -0.010051136 0.998876154
1341846234.826106 0.081498690 -0.031674325 -0.002197099 0.044357616 -0.010238898 -0.009858310 0.998914599
1341846234.862270 0.077020548 -0.034166399 -0.000626366 0.044250146 -0.010039877 -0.010008750 0.998919964
1341846234.893971 0.071496241 -0.035275791 -0.003115456 0.045192409 -0.009766868 -0.009749918 0.998883069
1341846234.926031 0.070436917 -0.032805450 -0.004474418 0.046288650 -0.009549342 -0.010797060 0.998824179
1341846234.961979 0.072786100 -0.034734685 -0.001021412 0.046421032 -0.009960523 -0.011481353 0.998806298
1341846234.994016 0.074779168 -0.034117792 -0.001574522 0.047037035 -0.010891116 -0.011539221 0.998767138
1341846235.026311 0.071076959 -0.026501786 -0.002099018 0.046786629 -0.011154218 -0.012481963 0.998764634
1341846235.061915 0.072357491 -0.027375381 0.000052352 0.045134623 -0.011136941 -0.013342422 0.998829782
1341846235.094075 0.073515519 -0.032326497 0.000192434 0.043564435 -0.011284800 -0.013029310 0.998901963
1341846235.130068 0.072364613 -0.033317346 0.005506129 0.044029448 -0.011395290 -0.012902607 0.998881936
1341846235.162449 0.069557682 -0.032484055 -0.000823146 0.045208104 -0.012309182 -0.011915270 0.998830676
1341846235.193917 0.072484903 -0.034592997 -0.003518510 0.045626543 -0.013432313 -0.011363584 0.998803616
1341846235.229939 0.069684811 -0.030825153 -0.001690580 0.047354635 -0.012318824 -0.012140332 0.998728454
1341846235.261811 0.071686789 -0.031596955 -0.000606361 0.047252238 -0.013003881 -0.012594244 0.998718917
1341846235.294134 0.073311888 -0.028363364 -0.001753401 0.048728969 -0.013408726 -0.013637329 0.998628914
1341846235.329890 0.071565919 -0.026530914 -0.002431863 0.048975591 -0.013101984 -0.014920545 0.998602629
1341846235.361974 0.074881107 -0.024643689 -0.002037748 0.047493383 -0.012796954 -0.016690979 0.998650134
1341846235.398097 0.070439495 -0.022691173 -0.004050468 0.045466043 -0.012036003 -0.018043831 0.998730421
1341846235.462163 0.073581532 -0.028432731 -0.002361873 0.044810060 -0.012794479 -0.018468607 0.998742878
1341846235.498142 0.070383929 -0.026524641 -0.003095413 0.044172533 -0.012150879 -0.020426000 0.998741210
1341846235.529989 0.070873514 -0.026819365 -0.000137032 0.043213706 -0.012516862 -0.021402935 0.998758137
1341846235.561921 0.071326114 -0.031727955 -0.001000368 0.043773621 -0.013001136 -0.021590525 0.998723567
1341846235.597951 0.071678177 -0.026810218 -0.004825313 0.044924609 -0.013126140 -0.021662144 0.998669207
1341846235.630160 0.070997201 -0.026905103 0.000129187 0.043684568 -0.013517974 -0.022226440 0.998706639
1341846235.667679 0.067856528 -0.033745658 0.001718526 0.043476388 -0.013720033 -0.021760222 0.998723269
1341846235.705783 0.068575688 -0.033277735 -0.000161626 0.044966687 -0.014049397 -0.022351652 0.998639643
1341846235.730392 0.069219835 -0.031670488 -0.000509310 0.045486841 -0.014083095 -0.023346636 0.998592794
1341846235.766032 0.066150844 -0.034656670 0.000520017 0.046396337 -0.013711774 -0.024301071 0.998533368
1341846235.797942 0.071024574 -0.033544954 -0.003219588 0.047499862 -0.014858276 -0.023531385 0.998483479
1341846235.833964 0.067772046 -0.033140525 -0.003539288 0.047890387 -0.014166106 -0.023647824 0.998472154
1341846235.866037 0.071751483 -0.031206917 -0.004733080 0.048414506 -0.014786239 -0.022323150 0.998468399
1341846235.898007 0.072940767 -0.035119791 -0.003470271 0.048144095 -0.014735988 -0.020899361 0.998513043
1341846235.934106 0.073008522 -0.036021709 -0.003198901 0.050003331 -0.013914392 -0.019774562 0.998456359
1341846235.965921 0.071818396 -0.030868264 -0.003784030 0.051799525 -0.012864701 -0.020012598 0.998374104
1341846235.997897 0.076142475 -0.029743597 -0.007032618 0.051417515 -0.012641071 -0.019494023 0.998407006
1341846236.034072 0.075059339 -0.033263836 -0.003247668 0.051596273 -0.011523795 -0.019731902 0.998406589
1341846236.065823 0.070704259 -0.034588825 -0.005457189 0.052742410 -0.010417948 -0.019499427 0.998363435
1341846236.101989 0.070899166 -0.027150298 -0.007354821 0.052711572 -0.010571083 -0.019945368 0.998354614
1341846236.134258 0.074050888 -0.029797614 -0.001998826 0.051717840 -0.011095007 -0.019316604 0.998413265
1341846236.166269 0.068902321 -0.033999234 -0.004770643 0.051754016 -0.010504900 -0.018866001 0.998426437
1341846236.202022 0.069894738 -0.026274800 -0.008347923 0.052118037 -0.010038188 -0.020112466 0.998387933
1341846236.233893 0.072414145 -0.028387122 -0.006731540 0.049975995 -0.010173227 -0.019538561 0.998507500
1341846236.265924 0.070939474 -0.029723177 -0.007187486 0.049668543 -0.009793956 -0.018495236 0.998546481
1341846236.302018 0.069558054 -0.032218870 -0.005077432 0.049700785 -0.009491075 -0.018374462 0.998550117
1341846236.333756 0.072103269 -0.029966053 -0.006419827 0.049984358 -0.009674214 -0.019005775 0.998522341
1341846236.369949 0.073286243 -0.029258786 -0.009812557 0.049837105 -0.009207325 -0.018935595 0.998535395
1341846236.401964 0.070328496 -0.030841056 -0.008599349 0.049378466 -0.008205193 -0.019027675 0.998565137
1341846236.433828 0.071387783 -0.033358790 -0.009173147 0.049330171 -0.008048003 -0.019672288 0.998556316
1341846236.469948 0.072864138 -0.031647291 -0.007519749 0.050431337 -0.007804222 -0.019979676 0.998497188
1341846236.501946 0.073305361 -0.031844117 -0.007524480 0.050962992 -0.007321535 -0.019220455 0.998488784
1341846236.534764 0.070895128 -0.025814008 -0.010615507 0.050603770 -0.006133495 -0.017788377 0.998541534
1341846236.569956 0.074233703 -0.034428347 -0.008920243 0.049122069 -0.006047373 -0.015465512 0.998654783
1341846236.601901 0.072387286 -0.029666632 -0.010837792 0.050731547 -0.005397893 -0.015416170 0.998578787
1341846236.637896 0.076051965 -0.025873492 -0.010972387 0.050113026 -0.005208460 -0.015492981 0.998609841
1341846236.669818 0.077202983 -0.028806515 -0.010377742 0.047518115 -0.004356467 -0.016497526 0.998724639
1341846236.702100 0.079618126 -0.034156784 -0.007612547 0.046589404 -0.003348470 -0.017721571 0.998751342
1341846236.738521 0.071541570 -0.051753957 -0.008045183 0.049448054 -0.001977705 -0.015605389 0.998652816
1341846236.769905 0.073991418 -0.046679806 -0.006433115 0.059660677 -0.003317227 -0.011532856 0.998146594
1341846236.805999 0.075338885 -0.035278022 -0.012330729 0.062765040 -0.004507740 -0.012215326 0.997943401
1341846236.844067 0.081732504 -0.026808284 -0.010049953 0.063815668 -0.005339661 -0.012575991 0.997868180
1341846236.876573 0.079079539 -0.029143747 -0.012866866 0.062318712 -0.004497345 -0.014395468 0.997942388
1341846236.911899 0.072338738 -0.028630601 -0.011662818 0.059340078 -0.003560150 -0.016319115 0.998098135
1341846236.944484 0.074126445 -0.044335529 -0.008875807 0.057304207 -0.004099471 -0.015132182 0.998233736
1341846236.975811 0.075219624 -0.035700168 -0.006962911 0.060444258 -0.004355684 -0.014522929 0.998056471
1341846237.011848 0.079040289 -0.031054704 -0.011909170 0.060259279 -0.004266195 -0.014839490 0.998063326
1341846237.043850 0.081875734 -0.039805502 -0.013106316 0.058197837 -0.003537201 -0.015549751 0.998177707
1341846237.075882 0.077169187 -0.045550767 -0.009741145 0.058226790 -0.002925540 -0.013818181 0.998203456
1341846237.111887 0.075040281 -0.046020467 -0.012398079 0.060920399 -0.003852878 -0.012098391 0.998061895
1341846237.143863 0.077823266 -0.034322839 -0.011676236 0.064740315 -0.004741985 -0.011656164 0.997822821
1341846237.175838 0.076254599 -0.034000460 -0.014909711 0.064350486 -0.004653114 -0.011457446 0.997850716
1341846237.211847 0.082389377 -0.037669770 -0.011463726 0.061849780 -0.005254609 -0.011438606 0.998006105
1341846237.243895 0.076827176 -0.044052836 -0.012970651 0.061767485 -0.003380788 -0.010546240 0.998029113
1341846237.280228 0.078267835 -0.041116618 -0.013328067 0.063279733 -0.003538566 -0.009565014 0.997943759
1341846237.312079 0.078597650 -0.036782790 -0.010325816 0.063325807 -0.004351724 -0.009451703 0.997938693
1341846237.343828 0.081229866 -0.041201968 -0.013029311 0.063060403 -0.004915234 -0.007651268 0.997968316
1341846237.379983 0.083387375 -0.036999535 -0.013600735 0.063229628 -0.004817056 -0.007151873 0.997961760
1341846237.411962 0.073022515 -0.030346809 -0.013783468 0.062748179 -0.003249639 -0.008395855 0.997988820
1341846237.443790 0.078708142 -0.034327101 -0.011627993 0.060342953 -0.004241547 -0.009883869 0.998119771
1341846237.479911 0.079719394 -0.034490019 -0.011035293 0.059282281 -0.003329303 -0.012266392 0.998160362
1341846237.511862 0.068356194 -0.028841391 -0.010975870 0.058406133 -0.001908224 -0.013001327 0.998206437
1341846237.547914 0.066833533 -0.030936306 -0.013804966 0.056613598 -0.003529157 -0.011866090 0.998319507
1341846237.579956 0.069368243 -0.031809837 -0.011416689 0.055711988 -0.004754056 -0.011561021 0.998368680
1341846237.611852 0.071670249 -0.030892875 -0.013457694 0.055545505 -0.005408529 -0.010871971 0.998382390
1341846237.647976 0.074411429 -0.036524117 -0.011887575 0.054220490 -0.006408041 -0.010872283 0.998449266
1341846237.680417 0.071688235 -0.036031134 -0.009893532 0.054140024 -0.006750269 -0.010295375 0.998457491
1341846237.711902 0.070442274 -0.040794879 -0.013051859 0.053744934 -0.007270794 -0.008774933 0.998489738
1341846237.747860 0.071834899 -0.039429214 -0.013613124 0.055511225 -0.007910449 -0.009310185 0.998383343
1341846237.779848 0.072121210 -0.035035931 -0.012549854 0.056743357 -0.008278833 -0.009808866 0.998306334
1341846237.815934 0.066864029 -0.029981839 -0.016080590 0.056043092 -0.008448207 -0.008411530 0.998357236
1341846237.847966 0.069572419 -0.028045358 -0.011598449 0.055197489 -0.009971734 -0.007503834 0.998397470
1341846237.879781 0.069429331 -0.031671576 -0.015657866 0.053881790 -0.010185730 -0.007965090 0.998463571
1341846237.916026 0.070085317 -0.029963961 -0.018074298 0.052886836 -0.010877269 -0.008178447 0.998507857
1341846237.978064 0.072039448 -0.031615041 -0.015399175 0.051875714 -0.011113154 -0.008204184 0.998558044
1341846238.010069 0.068272658 -0.029900711 -0.014086346 0.051303700 -0.010557599 -0.009054747 0.998586237
1341846238.045995 0.069732457 -0.027527362 -0.014843764 0.050230425 -0.010860574 -0.008622159 0.998641372
1341846238.077963 0.068685859 -0.025039639 -0.013602218 0.049551461 -0.010805431 -0.008512389 0.998676836
1341846238.109791 0.068943486 -0.031344417 -0.013089648 0.048699174 -0.010756243 -0.008898165 0.998715997
1341846238.145837 0.070389606 -0.033547331 -0.014454657 0.049839024 -0.010657899 -0.009340026 0.998656809
1341846238.177943 0.068463631 -0.026391169 -0.014777487 0.051166240 -0.009583307 -0.010197612 0.998592138
1341846238.209943 0.068181269 -0.028140161 -0.014386244 0.049070083 -0.009447183 -0.011463895 0.998684883
1341846238.246227 0.069385491 -0.029812559 -0.012803900 0.048535056 -0.009502055 -0.011214024 0.998713374
1341846238.278227 0.070106789 -0.032509260 -0.012167257 0.048719559 -0.009446598 -0.010885029 0.998708546
1341846238.345918 0.070867062 -0.029955134 -0.011009233 0.048882939 -0.008715694 -0.013592293 0.998674035
1341846238.377978 0.068408251 -0.033344660 -0.010861415 0.049562722 -0.008682305 -0.013102443 0.998647332
1341846238.413879 0.065110229 -0.033877477 -0.012393293 0.050470799 -0.008920629 -0.012550801 0.998606861
1341846238.445979 0.070062079 -0.029330054 -0.012636311 0.051412698 -0.009618937 -0.013889371 0.998534620
1341846238.478188 0.068605229 -0.031813607 -0.011941443 0.050493453 -0.009139679 -0.014457245 0.998577952
1341846238.515328 0.067489840 -0.036869504 -0.012318724 0.050340571 -0.009056822 -0.014727193 0.998582482
1341846238.545906 0.069266245 -0.034793116 -0.013630570 0.051780701 -0.009888286 -0.014717631 0.998501122
1341846238.587827 0.067571700 -0.033499792 -0.014959048 0.052574180 -0.009528334 -0.015470733 0.998451769
1341846238.645944 0.068339154 -0.032189675 -0.014332296 0.051043537 -0.008608171 -0.015543845 0.998538375
1341846238.681933 0.069062755 -0.035772569 -0.014101710 0.050048858 -0.009081880 -0.014965884 0.998593330
1341846238.713917 0.070705369 -0.036685962 -0.012739916 0.050750565 -0.009331523 -0.013923979 0.998570740
1341846238.745925 0.068655036 -0.035488550 -0.012524460 0.051473618 -0.009019380 -0.013390912 0.998543859
1341846238.781932 0.072338678 -0.028746700 -0.009584573 0.051445000 -0.010152530 -0.013516006 0.998532832
1341846238.813869 0.071135551 -0.030292306 -0.012667473 0.050118104 -0.009479340 -0.014524134 0.998592675
1341846238.849931 0.070411094 -0.033701152 -0.009001623 0.048580557 -0.008922347 -0.014377752 0.998675942
1341846238.881927 0.071435101 -0.037608463 -0.009871230 0.048829984 -0.010038737 -0.013499578 0.998665452
1341846238.914000 0.069503091 -0.044616889 -0.006645760 0.050245166 -0.011754507 -0.010920914 0.998608053
1341846238.949903 0.069328554 -0.046266206 -0.009447612 0.053428315 -0.013080497 -0.009842162 0.998437524
1341846239.017941 0.070767038 -0.033781327 -0.010269647 0.057577386 -0.013055161 -0.013686851 0.998161852
1341846239.050041 0.071119592 -0.035705905 -0.013267705 0.057401869 -0.012676989 -0.014808377 0.998160839
1341846239.081902 0.068272009 -0.039208952 -0.014992082 0.057363331 -0.012332682 -0.016550306 0.998139977
1341846239.117866 0.074448064 -0.034471150 -0.010901304 0.058890168 -0.012832834 -0.016693035 0.998042464
1341846239.149976 0.067823477 -0.035931107 -0.007846533 0.059069846 -0.011365060 -0.017934788 0.998028100
1341846239.181897 0.067019910 -0.030173788 -0.011210605 0.058858998 -0.011033804 -0.018207682 0.998039246
1341846239.217929 0.067652844 -0.028349141 -0.010045204 0.057220474 -0.011570950 -0.018230444 0.998128116
1341846239.250009 0.071328625 -0.026208814 -0.005811093 0.056605544 -0.011454168 -0.018062497 0.998167515
1341846239.285917 0.074245915 -0.028193327 -0.003042581 0.055457760 -0.011106719 -0.018225363 0.998232901
1341846239.318442 0.068882294 -0.027926883 -0.008824754 0.053990431 -0.009774444 -0.018119769 0.998329222
1341846239.349930 0.069311097 -0.030537680 -0.008033479 0.052152596 -0.009478304 -0.017290056 0.998444498
1341846239.386011 0.072092161 -0.028398821 -0.003065085 0.052579436 -0.009285535 -0.016072584 0.998444259
1341846239.417983 0.068196073 -0.027983056 -0.005378248 0.052927691 -0.008731473 -0.016592294 0.998422325
1341846239.450112 0.071639560 -0.025709782 -0.005447588 0.052296828 -0.009303491 -0.015992058 0.998460233
1341846239.485973 0.068677492 -0.026859505 -0.009291327 0.051153347 -0.008644086 -0.015988600 0.998525441
1341846239.517913 0.068716273 -0.028874284 -0.006628966 0.049779620 -0.008249075 -0.015124297 0.998611629
1341846239.553979 0.068080798 -0.026279543 -0.008111122 0.049099617 -0.008031482 -0.014692572 0.998653591
1341846239.585911 0.071474478 -0.026558705 -0.004937573 0.048092369 -0.008502768 -0.013659936 0.998713315
1341846239.617967 0.070577554 -0.031585425 -0.004563436 0.047568969 -0.008171332 -0.012939632 0.998750746
1341846239.653941 0.072063364 -0.028577318 -0.005432089 0.049029540 -0.008626467 -0.011963759 0.998688459
1341846239.685852 0.073711425 -0.029478677 -0.003528482 0.048985373 -0.009016417 -0.011908481 0.998687863
1341846239.717923 0.068111226 -0.025461892 -0.005683009 0.049178861 -0.008793465 -0.011443310 0.998685718
1341846239.753857 0.067532420 -0.033140469 -0.004258873 0.048143078 -0.008887699 -0.011203972 0.998738110
1341846239.785918 0.065001212 -0.027057936 -0.006732733 0.048222225 -0.008524257 -0.011385299 0.998735368
1341846239.821950 0.066478267 -0.034139358 -0.002411420 0.046980277 -0.009401993 -0.011046199 0.998790503
1341846239.854023 0.064478949 -0.030240327 -0.001864251 0.049028337 -0.009258276 -0.010975273 0.998694241
1341846239.891801 0.067408077 -0.025451340 -0.005098377 0.049235571 -0.009846081 -0.010978779 0.998678327
1341846239.953963 0.065187447 -0.031739611 -0.000809873 0.047851529 -0.009325597 -0.011502824 0.998744726
1341846239.985997 0.065092675 -0.027595285 -0.002395046 0.048895333 -0.009850455 -0.012228820 0.998680472
1341846240.022055 0.066843294 -0.027214834 -0.001491442 0.048973277 -0.010625896 -0.013666517 0.998650134
1341846240.053998 0.067206025 -0.031434465 -0.000278761 0.049052369 -0.010301779 -0.014299932 0.998640776
1341846240.089841 0.066276476 -0.029830307 -0.002084156 0.050462574 -0.010188385 -0.014329066 0.998571217
1341846240.121795 0.067379616 -0.032993227 -0.002532237 0.050486881 -0.010953414 -0.014710186 0.998556376
1341846240.159862 0.069978707 -0.036723636 -0.004333690 0.051605258 -0.010926303 -0.015465550 0.998488069
1341846240.195884 0.070545644 -0.030298484 -0.005881435 0.053256031 -0.010403558 -0.015148089 0.998411834
1341846240.227927 0.067754105 -0.028849946 -0.003822401 0.053601362 -0.010229664 -0.015545916 0.998389006
1341846240.290031 0.065858640 -0.035774454 -0.003003155 0.053885553 -0.010513061 -0.014873116 0.998381019
1341846240.322206 0.067485891 -0.030246433 -0.004579018 0.054333717 -0.011021676 -0.014013983 0.998363674
1341846240.357948 0.069135606 -0.027944915 -0.004007886 0.053864673 -0.011826523 -0.014196679 0.998377264
1341846240.422212 0.069308758 -0.033739902 -0.003281589 0.055434205 -0.012043821 -0.014676492 0.998281837
1341846240.458143 0.063128427 -0.034381129 -0.007959131 0.055501107 -0.011448087 -0.016230367 0.998261034
1341846240.490243 0.062893018 -0.034023184 -0.009050836 0.055230990 -0.012265461 -0.016216094 0.998266578
1341846240.525976 0.063595518 -0.038738120 -0.004129644 0.055360138 -0.013153364 -0.016948590 0.998236001
1341846240.557894 0.062942512 -0.035420612 -0.003160086 0.056864031 -0.013137810 -0.018225085 0.998129129
1341846240.590418 0.060742926 -0.033647954 -0.005876519 0.057392534 -0.012899876 -0.018508455 0.998096824
1341846240.626172 0.064782180 -0.033628866 -0.007879890 0.057696115 -0.014004004 -0.018109854 0.998071730
1341846240.657964 0.065580793 -0.034135882 -0.005408441 0.057864953 -0.014713895 -0.018350283 0.998047352
1341846240.689825 0.068014234 -0.034225080 -0.005152113 0.059108473 -0.015165113 -0.019277038 0.997950315
1341846240.725903 0.066521406 -0.031890422 -0.009665963 0.058984730 -0.015171927 -0.018729726 0.997967839
1341846240.757973 0.063337617 -0.031742640 -0.007011043 0.059505466 -0.015118395 -0.019167449 0.997929454
1341846240.794024 0.064911380 -0.035209868 -0.008683201 0.060235836 -0.015570266 -0.018565122 0.997890115
1341846240.826068 0.066132940 -0.031759236 -0.012085372 0.061540533 -0.015662903 -0.018844217 0.997803748
1341846240.858147 0.064183943 -0.027399657 -0.012615704 0.061262909 -0.015040367 -0.019273264 0.997822225
1341846240.894038 0.065950215 -0.031062335 -0.013641280 0.059713144 -0.015225857 -0.019172031 0.997915387
1341846240.925975 0.066062793 -0.030452842 -0.009407039 0.059341352 -0.015473918 -0.018514136 0.997946143
1341846240.958080 0.066214144 -0.029050486 -0.006481952 0.059177693 -0.015695911 -0.018359588 0.997955263
1341846240.994099 0.065173969 -0.028746072 -0.007864024 0.058854103 -0.015485516 -0.018853584 0.997968435
1341846241.026041 0.064122573 -0.025885176 -0.004339279 0.060202401 -0.015469141 -0.017131431 0.997919321
1341846241.062449 0.065436237 -0.027003160 -0.005308609 0.060750633 -0.015340489 -0.018529559 0.997863114
1341846241.094372 0.064428538 -0.022694493 -0.006528772 0.060140934 -0.014934350 -0.019619010 0.997885346
1341846241.126068 0.069131643 -0.035663161 -0.007597523 0.057812408 -0.015700843 -0.020056546 0.998002470
1341846241.167863 0.069101654 -0.034015272 -0.009551314 0.059408017 -0.015552999 -0.020301145 0.997906148
1341846241.230127 0.060765147 -0.032590635 -0.009290019 0.058967907 -0.014489765 -0.022034895 0.997911513
1341846241.261868 0.061115034 -0.031743404 -0.008899897 0.059601489 -0.014591975 -0.022143446 0.997869968
1341846241.295211 0.060709577 -0.031009311 -0.009478774 0.060333494 -0.014668555 -0.021774109 0.997833014
1341846241.329804 0.062836662 -0.032754701 -0.011679526 0.058844339 -0.014762219 -0.023622429 0.997878432
1341846241.362000 0.064584956 -0.030995732 -0.014173424 0.058956377 -0.014736558 -0.023886785 0.997865975
1341846241.394012 0.062417172 -0.032374598 -0.011600273 0.058762234 -0.014543313 -0.023662321 0.997885585
1341846241.430126 0.064507529 -0.031052954 -0.013455546 0.059262641 -0.014997013 -0.023624254 0.997850180
1341846241.462018 0.062729210 -0.032697309 -0.013692619 0.058816411 -0.014672341 -0.024120860 0.997869551
1341846241.497907 0.070803382 -0.027279681 -0.004090009 0.060013346 -0.015609199 -0.024359070 0.997778296
1341846241.529930 0.072677568 -0.025883436 -0.006209188 0.059891444 -0.016051702 -0.024781462 0.997768104
1341846241.562493 0.072555706 -0.026270175 -0.004964580 0.059390701 -0.016251011 -0.024470754 0.997802496
1341846241.598412 0.072184391 -0.026355650 -0.004613621 0.059895679 -0.016186057 -0.024689704 0.997767985
1341846241.629998 0.070378266 -0.026599970 -0.003217923 0.060059886 -0.015526206 -0.024620486 0.997770369
1341846241.662234 0.061958261 -0.033877403 -0.011306976 0.058812663 -0.014514918 -0.024906199 0.997852743
1341846241.698098 0.062937744 -0.033091262 -0.013223015 0.059084121 -0.014376312 -0.024774347 0.997842073
1341846241.729805 0.063431993 -0.033150874 -0.012434805 0.058724295 -0.014535430 -0.024556907 0.997866333
1341846241.765805 0.062017076 -0.033075739 -0.011886114 0.058788259 -0.014332300 -0.024903616 0.997856915
1341846241.797970 0.062158417 -0.033745140 -0.011617066 0.059162222 -0.014259332 -0.025204986 0.997828305
1341846241.830240 0.060165588 -0.031019898 -0.013463852 0.060019784 -0.013948542 -0.025529737 0.997773170
1341846241.865867 0.060381256 -0.031254794 -0.015222954 0.059933513 -0.013909169 -0.026511734 0.997753322
1341846241.898156 0.062588856 -0.029259052 -0.014810842 0.060502909 -0.014120014 -0.025841139 0.997733593
1341846241.929917 0.062743396 -0.029534213 -0.015374541 0.060980026 -0.013851881 -0.025758777 0.997710466
1341846241.965882 0.064055629 -0.030692646 -0.015521059 0.060239032 -0.014073256 -0.026560722 0.997731328
1341846241.998017 0.061980456 -0.030239005 -0.014179768 0.060189437 -0.013793066 -0.026001176 0.997752964
1341846242.034019 0.063644968 -0.030659780 -0.014755900 0.060321983 -0.014159939 -0.025059668 0.997763932
1341846242.066365 0.061432641 -0.031069238 -0.013373190 0.061311215 -0.013847906 -0.026495920 0.997670889
1341846242.097916 0.059742432 -0.032518934 -0.009726833 0.062264647 -0.013604124 -0.026274554 0.997621059
1341846242.133980 0.059334878 -0.033609100 -0.006109256 0.062543236 -0.014095961 -0.024377450 0.997644961
1341846242.165895 0.060294662 -0.031470701 -0.010745331 0.063593775 -0.013472843 -0.025389967 0.997561872
1341846242.197924 0.060142424 -0.031345777 -0.009783980 0.063949086 -0.013387719 -0.026160175 0.997520387
1341846242.234487 0.060532995 -0.032503147 -0.007566472 0.065095834 -0.013762086 -0.025737884 0.997452140
1341846242.269588 0.059998937 -0.033449564 -0.010038401 0.065488033 -0.013552066 -0.025037283 0.997447193
1341846242.301972 0.064371988 -0.032565325 -0.019856561 0.065222777 -0.013340439 -0.026351379 0.997433543
1341846242.333996 0.066084415 -0.032327138 -0.021818798 0.065773837 -0.012989500 -0.026928337 0.997386575
1341846242.366000 0.064736649 -0.033666730 -0.017581871 0.066370569 -0.013234058 -0.025981219 0.997368991
1341846242.401903 0.064876929 -0.033739433 -0.018505162 0.066111691 -0.013371141 -0.025897967 0.997386515
1341846242.433933 0.066328704 -0.028298942 -0.011604273 0.067104325 -0.013512676 -0.025732212 0.997322619
1341846242.469883 0.066709831 -0.027613733 -0.012156708 0.068304457 -0.013125340 -0.025664188 0.997248054
1341846242.501972 0.066693619 -0.028253961 -0.014383728 0.068565316 -0.013213122 -0.026190709 0.997215331
1341846242.534063 0.067665465 -0.026584608 -0.013540883 0.068023324 -0.013509789 -0.026557697 0.997238696
1341846242.569931 0.072374180 -0.023722790 -0.010862236 0.068353049 -0.013720745 -0.026629141 0.997211397
1341846242.602000 0.072722174 -0.023629917 -0.011048030 0.068255261 -0.013798660 -0.026205027 0.997228265
1341846242.634077 0.072875857 -0.024679402 -0.013622902 0.067126974 -0.013891440 -0.026325464 0.997300386
1341846242.670215 0.072037295 -0.024063047 -0.010774689 0.066874824 -0.013701640 -0.026392564 0.997318149
1341846242.701929 0.073142149 -0.023531856 -0.011404937 0.066808283 -0.013719392 -0.026510345 0.997319281
1341846242.737996 0.063949510 -0.029593179 -0.019046405 0.065255806 -0.012883586 -0.027074117 0.997417986
1341846242.769937 0.062712312 -0.029436899 -0.019222770 0.065970898 -0.012856088 -0.027500376 0.997359693
1341846242.808080 0.072038397 -0.024046315 -0.012739892 0.067156404 -0.014066170 -0.027393606 0.997267187
1341846242.869936 0.063700408 -0.029155178 -0.020795422 0.064863868 -0.013132015 -0.028416371 0.997403026
1341846242.902131 0.062962569 -0.029797085 -0.017901318 0.065014727 -0.012880601 -0.028704597 0.997388244
1341846242.938061 0.064629979 -0.029241150 -0.019412512 0.065419003 -0.013536301 -0.028826687 0.997349620
1341846242.969969 0.067888044 -0.027614644 -0.015600183 0.066635869 -0.014583223 -0.028806068 0.997254848
1341846243.005810 0.067761809 -0.027448587 -0.018485215 0.067287803 -0.014844713 -0.028671218 0.997211099
1341846243.038095 0.067610264 -0.028058982 -0.018731862 0.066738673 -0.015295267 -0.028458619 0.997247279
1341846243.070041 0.068270743 -0.024099071 -0.021686288 0.066281527 -0.015717557 -0.028494248 0.997270226
1341846243.106059 0.067004077 -0.026637904 -0.019109204 0.065017551 -0.015584356 -0.029422909 0.997328520
1341846243.137899 0.066369578 -0.024204126 -0.018705217 0.065928295 -0.015013857 -0.028544642 0.997303009
1341846243.169985 0.066943415 -0.025381530 -0.017867565 0.065762535 -0.015459157 -0.028747011 0.997301340
1341846243.206007 0.066991314 -0.024784898 -0.019840432 0.065651760 -0.015147494 -0.029314898 0.997296870
1341846243.237999 0.066982061 -0.024333674 -0.020400507 0.064615116 -0.014520776 -0.030414339 0.997340977
1341846243.274026 0.066358052 -0.025028380 -0.020065805 0.064435288 -0.014163112 -0.031034403 0.997338653
1341846243.305879 0.067490257 -0.024447361 -0.020394675 0.065353885 -0.014313910 -0.031250514 0.997270048
1341846243.338022 0.068718277 -0.026578486 -0.020270467 0.065956376 -0.014411301 -0.031117540 0.997233093
1341846243.374348 0.068674713 -0.024751402 -0.021900587 0.067016400 -0.014532211 -0.030498978 0.997179747
1341846243.405837 0.071486913 -0.023206513 -0.024668483 0.067747168 -0.015736822 -0.030210059 0.997120857
1341846243.442193 0.070454352 -0.023114648 -0.024271162 0.067953579 -0.015592002 -0.030351216 0.997104824
1341846243.473902 0.068618089 -0.024018111 -0.022297364 0.067997776 -0.015149729 -0.030959103 0.997089982
1341846243.505839 0.068554401 -0.022957921 -0.023359388 0.068123229 -0.015663393 -0.030179849 0.997097373
1341846243.542001 0.068437405 -0.023442488 -0.024511132 0.067626305 -0.015780620 -0.030591248 0.997116804
1341846243.574058 0.068722486 -0.023500877 -0.026852146 0.067454807 -0.015341578 -0.030104164 0.997150123
1341846243.605841 0.069926560 -0.025326639 -0.022682449 0.067869537 -0.014983416 -0.030185601 0.997124910
1341846243.642015 0.066189721 -0.026323069 -0.027036583 0.068235300 -0.014370321 -0.029981114 0.997115135
1341846243.673926 0.065761067 -0.026545364 -0.028203255 0.067712963 -0.014367337 -0.030297099 0.997141242
1341846243.710095 0.066873759 -0.027482759 -0.025569052 0.068074882 -0.014188264 -0.030267920 0.997120082
1341846243.741951 0.067320585 -0.025301149 -0.026365558 0.068247408 -0.014552558 -0.030377617 0.997099698
1341846243.774067 0.064683124 -0.024744954 -0.029770048 0.067552403 -0.014295582 -0.030871063 0.997135520
1341846243.809881 0.066482231 -0.024053069 -0.027703274 0.067505062 -0.014126813 -0.030599058 0.997149587
1341846243.841971 0.066079445 -0.026695548 -0.024185983 0.067599684 -0.014247517 -0.029662589 0.997169793
1341846243.874062 0.067335360 -0.025315719 -0.026605954 0.068473041 -0.015086114 -0.029170120 0.997112334
1341846243.910022 0.067538738 -0.026924441 -0.027414413 0.068850398 -0.014973708 -0.030463696 0.997049391
1341846243.978045 0.064316101 -0.022602180 -0.031809673 0.069203287 -0.013102955 -0.030560331 0.997048378
1341846244.009892 0.066877566 -0.026501141 -0.027335931 0.067894042 -0.013246955 -0.030412462 0.997141004
1341846244.042105 0.066274263 -0.029600404 -0.027928537 0.068511382 -0.013016727 -0.029392926 0.997132301
1341846244.077884 0.068429753 -0.029166980 -0.027951090 0.069159649 -0.013274750 -0.028690679 0.997104585
1341846244.115904 0.069849677 -0.028128989 -0.030533034 0.068459183 -0.013611485 -0.028456492 0.997155130
1341846244.151850 0.069762371 -0.029262528 -0.027077565 0.067985125 -0.013377850 -0.028165188 0.997198939
1341846244.184334 0.067663923 -0.030685674 -0.028566187 0.068785980 -0.012845374 -0.027608586 0.997166634
1341846244.215953 0.067145474 -0.026944585 -0.029205520 0.069161393 -0.012784083 -0.028070496 0.997128546
1341846244.251877 0.068790078 -0.025822474 -0.025736745 0.068778075 -0.012972075 -0.028208312 0.997148752
1341846244.283880 0.066953637 -0.030873634 -0.028518867 0.068804838 -0.012876514 -0.027811728 0.997159302
1341846244.316068 0.065406956 -0.027347449 -0.029811921 0.069823757 -0.012855689 -0.028538803 0.997068226
1341846244.351999 0.066913143 -0.028258214 -0.027946059 0.069532067 -0.013456360 -0.028070083 0.997093976
1341846244.384040 0.065417580 -0.026918370 -0.030691566 0.070080206 -0.013934228 -0.027125539 0.997075140
1341846244.419869 0.067978352 -0.028683916 -0.028024480 0.070160910 -0.014253192 -0.026911175 0.997070789
1341846244.451888 0.066593707 -0.027119868 -0.031068994 0.069578670 -0.013343441 -0.027796818 0.997099876
1341846244.483871 0.068239972 -0.028655542 -0.029843811 0.068322837 -0.012748914 -0.027291555 0.997208416
1341846244.519923 0.068148367 -0.029554997 -0.028636018 0.068407670 -0.012131226 -0.027247855 0.997211516
1341846244.551942 0.069080062 -0.028358866 -0.027298182 0.069625020 -0.011469505 -0.026904076 0.997144401
1341846244.583892 0.066352494 -0.026917217 -0.029625958 0.070202559 -0.010471698 -0.024775779 0.997170091
1341846244.619870 0.066879436 -0.027409479 -0.030397862 0.069760621 -0.010490943 -0.023812866 0.997224391
1341846244.651850 0.067500219 -0.026940260 -0.027597198 0.070570543 -0.010258742 -0.022373291 0.997203112
1341846244.683815 0.068449385 -0.027108826 -0.025730036 0.071583778 -0.010327767 -0.021378120 0.997151971
1341846244.719873 0.071456924 -0.027939221 -0.026105745 0.071224585 -0.010100177 -0.021424470 0.997179031
1341846244.751827 0.072112031 -0.030230679 -0.029306239 0.070461124 -0.009523787 -0.020854259 0.997251093
1341846244.788300 0.069079079 -0.027825449 -0.025335774 0.071756281 -0.008622188 -0.022142012 0.997139156
1341846244.820099 0.071612455 -0.030420478 -0.027956218 0.072061799 -0.008264574 -0.022260647 0.997117519
1341846244.851973 0.082266293 -0.043936174 -0.026627362 0.072338663 -0.008984285 -0.021468619 0.997108638
1341846244.887873 0.076883145 -0.029996563 -0.027335323 0.075954385 -0.006743240 -0.021505769 0.996856570
1341846244.920072 0.076418914 -0.030478725 -0.028855333 0.076021947 -0.005475598 -0.021541862 0.996858358
1341846244.952621 0.083418384 -0.036385525 -0.027921252 0.075981036 -0.005621686 -0.020552993 0.996881604
1341846244.987985 0.087509833 -0.031663425 -0.024762901 0.077302523 -0.005612290 -0.018966151 0.996811509
1341846245.020060 0.087379865 -0.029336518 -0.024667282 0.076578945 -0.005376961 -0.018134933 0.996884108
1341846245.051869 0.088966846 -0.035568252 -0.025581930 0.073968083 -0.004951189 -0.018340103 0.997079730
1341846245.088236 0.087593459 -0.035185251 -0.021252904 0.072980978 -0.003984219 -0.018883644 0.997146666
1341846245.119935 0.080565758 -0.031079764 -0.025257733 0.073306218 -0.002498425 -0.019516986 0.997115374
1341846245.151835 0.075894594 -0.031393431 -0.024290442 0.073541410 -0.001764211 -0.020558272 0.997078776
1341846245.187889 0.082093254 -0.032947168 -0.024798254 0.074075162 -0.002638356 -0.020598244 0.997036457
1341846245.219842 0.083135538 -0.029126488 -0.023062268 0.074518085 -0.002769754 -0.020382073 0.997007489
1341846245.256030 0.078128695 -0.029500000 -0.028244046 0.073692992 -0.001833178 -0.021104677 0.997056007
1341846245.287962 0.085710324 -0.032600768 -0.022439502 0.073130928 -0.002645768 -0.021918643 0.997078001
1341846245.319885 0.080550909 -0.032295596 -0.023472447 0.073075078 -0.001933453 -0.022688001 0.997066557
1341846245.355859 0.080527730 -0.031631131 -0.021547193 0.073036835 -0.002366377 -0.022885866 0.997063875
1341846245.387919 0.083044969 -0.029669268 -0.020505639 0.073211737 -0.003066832 -0.022922598 0.997048259
1341846245.423977 0.082214579 -0.029224522 -0.021223729 0.073793173 -0.002700905 -0.023745855 0.996987224
1341846245.455822 0.075121835 -0.027717480 -0.025164468 0.074535742 -0.001425922 -0.025368366 0.996894598
1341846245.487804 0.082395680 -0.032920297 -0.021928815 0.073931053 -0.002703994 -0.023537710 0.996981859
1341846245.523916 0.085121669 -0.030518316 -0.021397276 0.074399240 -0.003191640 -0.023836926 0.996938527
1341846245.555797 0.078337312 -0.033247180 -0.026351275 0.073600486 -0.002142063 -0.024498349 0.996984601
1341846245.591988 0.080910571 -0.035737276 -0.022034455 0.074218586 -0.002421654 -0.024448132 0.996939361
1341846245.623837 0.076538995 -0.034825467 -0.021278905 0.075850300 -0.002207535 -0.022723839 0.996857822
1341846245.655890 0.073305055 -0.030826598 -0.020406721 0.076514564 -0.001653522 -0.023004320 0.996801734
1341846245.692060 0.076525472 -0.030498352 -0.021697374 0.075994126 -0.001248074 -0.024351506 0.996810079
1341846245.724517 0.073489033 -0.034029372 -0.018983843 0.075854167 -0.000665278 -0.024002008 0.996829867
1341846245.760068 0.083777785 -0.038599890 -0.014922773 0.076308176 -0.001968764 -0.022522043 0.996827960
1341846245.791914 0.084245652 -0.035992164 -0.013136941 0.076852836 -0.001825289 -0.022675872 0.996782899
1341846245.824142 0.083980583 -0.032801911 -0.010895475 0.077058516 -0.000925824 -0.021977415 0.996783972
1341846245.860005 0.084159873 -0.036204673 -0.012550650 0.076033719 -0.000560140 -0.021651570 0.996870041
1341846245.891878 0.076862156 -0.033734109 -0.021384357 0.075203888 0.000444465 -0.022549763 0.996913075
1341846245.927903 0.092156105 -0.036678612 -0.010409934 0.075564384 -0.000892987 -0.022070833 0.996896267
1341846245.986182 0.071747079 -0.031461414 -0.019776700 0.076857671 0.001756750 -0.022637431 0.996783495
1341846246.022057 0.073190294 -0.033908475 -0.016948111 0.077190712 0.001311173 -0.023135034 0.996747017
1341846246.053871 0.074101821 -0.035947919 -0.017526327 0.078079037 0.001006817 -0.022639265 0.996689618
1341846246.085916 0.066579498 -0.033407398 -0.014651519 0.080095090 0.001125980 -0.022642303 0.996529400
1341846246.121806 0.070228226 -0.033769764 -0.014505135 0.080529287 -0.000704242 -0.022627724 0.996495128
1341846246.153949 0.072260275 -0.037224256 -0.015144847 0.081024460 -0.001174476 -0.024287358 0.996415496
1341846246.222002 0.060924482 -0.025393358 -0.019092578 0.082606658 0.000655095 -0.027343754 0.996206880
1341846246.253984 0.062423926 -0.026676157 -0.016494464 0.082568958 0.000362237 -0.029489648 0.996148884
1341846246.289808 0.064609021 -0.025177017 -0.016051173 0.083859898 0.000570479 -0.029719288 0.996034145
1341846246.322001 0.072882563 -0.031064805 -0.019223329 0.082152173 0.000469497 -0.030010197 0.996167779
1341846246.353946 0.071979821 -0.028319273 -0.017974272 0.080884576 0.001447205 -0.030932022 0.996242344
1341846246.389885 0.070970990 -0.030943027 -0.018403456 0.079502881 0.002309771 -0.031049745 0.996348262
1341846246.421855 0.066722572 -0.028161945 -0.016484082 0.080499254 0.003494019 -0.029791823 0.996303260
1341846246.457915 0.068709902 -0.028774742 -0.017910859 0.079523310 0.003280772 -0.027545737 0.996446967
1341846246.489829 0.076449081 -0.029295035 -0.021031676 0.078327850 0.002954311 -0.025623215 0.996593952
1341846246.521912 0.076714516 -0.026645580 -0.021616505 0.077595823 0.004913408 -0.025325231 0.996651113
1341846246.558038 0.065930657 -0.026047502 -0.023942154 0.076786444 0.007966081 -0.026309339 0.996668637
1341846246.589826 0.069158666 -0.035144802 -0.020646483 0.076401807 0.007932032 -0.025529025 0.996718645
1341846246.622033 0.068019599 -0.035187457 -0.018386139 0.076614164 0.007860707 -0.023146054 0.996761203
1341846246.658046 0.069583058 -0.030726716 -0.019673189 0.076692894 0.007134671 -0.022293879 0.996779978
1341846246.689939 0.068694532 -0.031628318 -0.018598085 0.076071411 0.006539403 -0.023077233 0.996813893
1341846246.725903 0.069329277 -0.030901909 -0.021207860 0.076018199 0.006286721 -0.022932814 0.996822894
1341846246.757894 0.074075162 -0.031940449 -0.019867009 0.075113416 0.005654959 -0.024089495 0.996867955
1341846246.789989 0.068337537 -0.027863571 -0.017675694 0.074914798 0.006558535 -0.025004629 0.996854842
1341846246.826059 0.070057668 -0.029069360 -0.018601624 0.074938461 0.005723517 -0.024647348 0.996867061
1341846246.857869 0.069230005 -0.028878171 -0.017040111 0.076200165 0.005719636 -0.025120420 0.996759653
1341846246.893944 0.071238004 -0.024926350 -0.017430073 0.076448634 0.004781405 -0.023786033 0.996778369
1341846246.925896 0.069097571 -0.027249049 -0.017955877 0.075650781 0.004276151 -0.023910532 0.996838510
1341846246.958090 0.069466904 -0.028438348 -0.019967578 0.075328298 0.004343891 -0.023282634 0.996877491
1341846246.993936 0.071529493 -0.029308701 -0.013521122 0.075216673 0.003882085 -0.024936054 0.996847808
1341846247.026204 0.066705182 -0.029545892 -0.011579156 0.075188272 0.004147888 -0.025963744 0.996822715
1341846247.057936 0.069808289 -0.035935845 -0.013029874 0.075383291 0.003667417 -0.027210940 0.996776581
1341846247.093899 0.067796171 -0.031474065 -0.012083308 0.076791592 0.003547664 -0.026734602 0.996682346
1341846247.126028 0.068308584 -0.031580959 -0.013186529 0.076462537 0.002736953 -0.025961485 0.996730685
1341846247.162093 0.066433743 -0.034654316 -0.008819572 0.077108949 0.002807544 -0.025366792 0.996695995
1341846247.194072 0.068288386 -0.035700120 -0.012341101 0.079986557 0.003894389 -0.023096673 0.996520758
1341846247.225977 0.066453293 -0.034566537 -0.009252387 0.081199683 0.004138708 -0.021512918 0.996457100
1341846247.261953 0.070572264 -0.042986151 -0.012473266 0.083232410 0.004301213 -0.022595163 0.996264696
1341846247.293957 0.073196389 -0.041866712 -0.011354693 0.087804995 0.005088247 -0.022431362 0.995872140
1341846247.325987 0.071068384 -0.029409667 -0.015096325 0.090052076 0.004670159 -0.021300046 0.995698333
1341846247.361940 0.075212672 -0.027201205 -0.016396180 0.088096961 0.002931999 -0.020312227 0.995900512
1341846247.430187 0.069464453 -0.028015878 -0.010455242 0.083724201 0.002888260 -0.021179097 0.996259689
1341846247.462223 0.067289971 -0.035912227 -0.004516709 0.082342431 0.002392906 -0.023025222 0.996335268
1341846247.493952 0.069520019 -0.033136092 -0.006501668 0.082840428 0.001601050 -0.023458606 0.996285439
1341846247.530027 0.070559710 -0.034327980 -0.005436065 0.083490655 0.001758242 -0.023661995 0.996226072
1341846247.562209 0.069629021 -0.040699974 -0.001830174 0.085347719 0.002223433 -0.022247808 0.996100366
1341846247.594166 0.066947475 -0.036764193 -0.007668447 0.087083288 0.002227779 -0.020920029 0.995978892
1341846247.630035 0.073685028 -0.028331801 -0.002745518 0.086611696 0.000333298 -0.020464627 0.996031880
1341846247.662701 0.080339193 -0.037583772 -0.000717943 0.084761344 -0.000786874 -0.019128075 0.996217370
1341846247.697913 0.079722136 -0.031214638 -0.001978131 0.086170897 0.000009388 -0.018268175 0.996112883
1341846247.730051 0.070128433 -0.036354095 -0.005170119 0.084197827 0.000178668 -0.017284894 0.996299088
1341846247.762180 0.080763809 -0.039255053 0.000867756 0.084841326 -0.001529716 -0.015618419 0.996270895
1341846247.798768 0.069332473 -0.038611818 -0.003260891 0.086491704 0.000407937 -0.014707011 0.996143937
1341846247.830259 0.082731329 -0.024648508 0.001817383 0.086982429 -0.001610352 -0.012918866 0.996124804
1341846247.865875 0.083928488 -0.034255121 0.001230877 0.084211238 -0.001674577 -0.013850492 0.996350288
1341846247.898157 0.083750002 -0.037918221 0.000279322 0.086334571 -0.000225049 -0.013302258 0.996177435
1341846247.930002 0.080320731 -0.028261499 0.003672244 0.088185675 -0.001517566 -0.011604226 0.996035278
1341846247.966006 0.079668030 -0.040802099 0.004685733 0.086070918 -0.003539190 -0.011326848 0.996218383
1341846247.998062 0.088023536 -0.037405532 0.008488049 0.088611811 -0.004233504 -0.010529722 0.996001601
1341846248.030615 0.080247939 -0.035680920 -0.009184084 0.089947492 -0.003028677 -0.011447568 0.995876133
1341846248.065891 0.094263911 -0.030721931 0.001899728 0.089375600 -0.003934667 -0.011505565 0.995923758
1341846248.098211 0.089749753 -0.035145056 0.003143545 0.088086814 -0.002552948 -0.013126088 0.996023059
1341846248.133929 0.092657603 -0.034123871 -0.000783863 0.090017051 0.001060576 -0.015792575 0.995814443
1341846248.166050 0.091606610 -0.025731908 0.009444492 0.089865953 0.003215358 -0.016224980 0.995816529
1341846248.198024 0.085177675 -0.031442091 0.009993438 0.088420555 0.003701426 -0.017339002 0.995925426
1341846248.233930 0.088711552 -0.032508016 0.007685363 0.090343930 0.003704968 -0.017470846 0.995750487
1341846248.265968 0.085868500 -0.026164545 0.006923638 0.091232032 0.004787157 -0.019477393 0.995627701
1341846248.297927 0.086280204 -0.028636295 0.011585253 0.088565379 0.004202990 -0.021447787 0.995830595
1341846248.333956 0.088323057 -0.034899209 0.010539535 0.088604771 0.003712561 -0.023384396 0.995785475
1341846248.366013 0.080179550 -0.034825806 0.018277528 0.090281166 0.004292517 -0.023733476 0.995624304
1341846248.402093 0.083134457 -0.030829778 0.010470200 0.090115629 0.003322800 -0.023012070 0.995659888
1341846248.433862 0.088355124 -0.033827730 0.013517112 0.090056285 0.002499021 -0.023315554 0.995660663
1341846248.466804 0.086441249 -0.034291707 0.009176940 0.090897128 0.004048082 -0.024932023 0.995539963
1341846248.502139 0.084440708 -0.020423384 0.013168426 0.090151303 0.003875793 -0.024182290 0.995626926
1341846248.534215 0.079585738 -0.034431085 0.013058304 0.086668782 0.002341126 -0.024266386 0.995938897
1341846248.565971 0.083125763 -0.034292821 0.017405314 0.088630691 0.001573383 -0.023735516 0.995780528
1341846248.602003 0.086738110 -0.025580421 0.015041028 0.088153243 0.002543939 -0.024684127 0.995797813
1341846248.640295 0.085448653 -0.034737054 0.013247461 0.086158395 0.002663378 -0.024664769 0.995972574
1341846248.675831 0.088471651 -0.039531521 0.017774945 0.088689566 0.002923811 -0.024032498 0.995765090
1341846248.708095 0.087753139 -0.034843210 0.016448651 0.090611823 0.003984059 -0.024219181 0.995583832
1341846248.740085 0.084537283 -0.033878375 0.018026318 0.090011202 0.004117782 -0.024460616 0.995631874
1341846248.802167 0.086264431 -0.035454806 0.016947778 0.092507392 0.003403295 -0.024204563 0.995411992
1341846248.833950 0.085155606 -0.035870511 0.013771198 0.092210427 0.003491487 -0.025543330 0.995405793
1341846248.869901 0.086091928 -0.042866133 0.014595120 0.092772238 0.002863154 -0.024169467 0.995389819
1341846248.901932 0.088364594 -0.035420250 0.015393562 0.095232025 0.002665078 -0.023419503 0.995176077
1341846248.938035 0.084004059 -0.034804605 0.014868775 0.094746910 0.003511709 -0.024230018 0.995200276
1341846248.969908 0.086495429 -0.034494404 0.014950689 0.094157904 0.002600277 -0.024408944 0.995254636
1341846249.001964 0.083690427 -0.040098716 0.016215166 0.093100667 0.003019980 -0.025267886 0.995331466
1341846249.037998 0.086119823 -0.033178926 0.014962487 0.093894482 0.002599538 -0.023269732 0.995306849
1341846249.069961 0.084746689 -0.032571815 0.013784480 0.092504799 0.001797657 -0.022997947 0.995445073
1341846249.105888 0.090768047 -0.037770409 0.017233130 0.091901623 0.001632604 -0.023022782 0.995500565
1341846249.138041 0.091656566 -0.034437094 0.019299535 0.092556626 0.002538764 -0.022669226 0.995446086
1341846249.169904 0.089714386 -0.038066644 0.017572436 0.092114784 0.002861897 -0.021457307 0.995513141
1341846249.206013 0.093274862 -0.041565470 0.013539135 0.093232505 0.003025465 -0.021479227 0.995408058
1341846249.237872 0.091426805 -0.032090411 0.013432700 0.094005242 0.004673705 -0.020994954 0.995339394
1341846249.306095 0.092166267 -0.040870551 0.017257946 0.092557691 0.005091516 -0.021458689 0.995463133
1341846249.337853 0.091631152 -0.033201326 0.013295624 0.094132088 0.006376436 -0.020803645 0.995321989
1341846249.373854 0.092184752 -0.033065993 0.015013569 0.092549630 0.006646534 -0.021575145 0.995452106
1341846249.405928 0.096272640 -0.041394167 0.016461521 0.090896077 0.007274278 -0.022689672 0.995575309
1341846249.437945 0.095601715 -0.040534746 0.014131068 0.092146531 0.008962943 -0.022534637 0.995450079
1341846249.474182 0.096146688 -0.036275256 0.015926538 0.091751240 0.008962027 -0.022554800 0.995486140
1341846249.505956 0.094055213 -0.035671685 0.019848259 0.090610936 0.008988302 -0.022549247 0.995590508
1341846249.538288 0.095384799 -0.036203042 0.019386822 0.090539113 0.009207044 -0.022598248 0.995593965
1341846249.574263 0.095147088 -0.033429384 0.020648820 0.090074442 0.009240855 -0.021806452 0.995653450
1341846249.606015 0.092560343 -0.030769410 0.017703490 0.088900514 0.008426321 -0.020356122 0.995796919
1341846249.641995 0.090118960 -0.036983479 0.019712826 0.088663504 0.007483487 -0.018423071 0.995863199
1341846249.674108 0.095265836 -0.028299807 0.018263143 0.088335752 0.005925559 -0.017059864 0.995927036
1341846249.706034 0.091315642 -0.033424497 0.015903765 0.084898770 0.005347275 -0.016766638 0.996234179
1341846249.742012 0.094951034 -0.036526326 0.016829275 0.084493861 0.003543954 -0.015083859 0.996303558
1341846249.773906 0.088447295 -0.033050746 0.016812153 0.085433215 0.002109829 -0.012264437 0.996266246
1341846249.806093 0.091057785 -0.031358700 0.023600904 0.084749311 -0.001040888 -0.009653301 0.996355057
1341846249.842148 0.090330824 -0.033846684 0.020132734 0.083808295 -0.002795279 -0.009213019 0.996435463
1341846249.873923 0.088381335 -0.031205527 0.021380300 0.083811484 -0.004518496 -0.007183233 0.996445537
1341846249.909991 0.088333890 -0.025785817 0.017314214 0.084284201 -0.008086830 -0.004117325 0.996400476
1341846249.942024 0.097156867 -0.031630490 0.022703992 0.083282143 -0.012026547 -0.001952610 0.996451557
1341846249.974199 0.093910120 -0.022577470 0.020557962 0.085015431 -0.012600980 -0.004157016 0.996291280
1341846250.010384 0.098488159 -0.025901519 0.016703645 0.083713107 -0.014915436 -0.002632011 0.996374846
1341846250.042022 0.095501624 -0.027208382 0.022619627 0.083918251 -0.016715715 -0.001445104 0.996331453
1341846250.078047 0.106197678 -0.025589246 0.019873498 0.085832119 -0.017831646 -0.000965544 0.996149600
1341846250.109945 0.111070611 -0.015329747 0.018632524 0.086622208 -0.016594602 -0.001507578 0.996101916
1341846250.141849 0.109701067 -0.012709256 0.015571092 0.084826492 -0.014998196 -0.001794252 0.996281266
1341846250.177803 0.122582830 -0.020038910 0.013897310 0.084245153 -0.014015207 -0.001051008 0.996345997
1341846250.210137 0.118653648 -0.012442789 0.012513163 0.085504837 -0.009652527 -0.002975291 0.996286631
1341846250.241903 0.118005916 -0.007891894 0.015615204 0.085130595 -0.007189365 -0.006596149 0.996322095
1341846250.277878 0.114590697 -0.012775434 0.016437499 0.084065430 -0.005450857 -0.008109054 0.996412337
1341846250.309873 0.113916248 -0.012783621 0.014756889 0.083321564 -0.005109027 -0.008159065 0.996476233
1341846250.346142 0.113316126 -0.009353529 0.014318224 0.083940335 -0.005340681 -0.008518117 0.996420085
1341846250.377944 0.112666667 -0.008392679 0.013149182 0.084592581 -0.005231852 -0.008431319 0.996366203
1341846250.410038 0.115776695 -0.015675332 0.014744896 0.084172443 -0.005898133 -0.007208869 0.996407688
1341846250.445984 0.114553511 -0.007646358 0.011832773 0.086277522 -0.005485594 -0.009284579 0.996212840
1341846250.477872 0.111095391 -0.007129381 0.010463460 0.085713111 -0.005404577 -0.009714229 0.996257842
1341846250.509930 0.110398494 -0.016922602 0.016214982 0.084386885 -0.007567941 -0.007241379 0.996378005
1341846250.546119 0.114991628 -0.005594449 0.016428525 0.086325392 -0.009273033 -0.007187419 0.996197879
1341846250.577998 0.118474983 -0.006237185 0.017643139 0.085133292 -0.008828633 -0.008060331 0.996297836
1341846250.613828 0.114075489 -0.010874958 0.014738521 0.082950041 -0.008066986 -0.007083205 0.996495903
1341846250.646114 0.117525995 -0.012541954 0.018277964 0.083492994 -0.008803599 -0.004457736 0.996459544
1341846250.677812 0.117656961 -0.007059418 0.017028539 0.083605357 -0.008414543 -0.002752521 0.996459663
1341846250.713958 0.119058281 -0.004376515 0.017081223 0.082648404 -0.007485650 -0.002987830 0.996546209
1341846250.745904 0.117952824 -0.010382249 0.018862534 0.080871835 -0.007366589 -0.000388695 0.996697247
1341846250.777886 0.110662177 -0.009317371 0.022741787 0.080468573 -0.008343408 0.002637677 0.996718764
1341846250.814024 0.116624884 -0.007343804 0.014276923 0.079834804 -0.009770586 0.002336278 0.996757507
1341846250.846025 0.112789854 -0.004477497 0.020559767 0.078972146 -0.008727557 0.000292463 0.996838629
1341846250.881824 0.113981500 -0.014915409 0.021391178 0.078060769 -0.009305725 0.001445025 0.996904135
1341846250.913808 0.118776582 -0.012677142 0.022371350 0.080394402 -0.009845758 0.002177881 0.996712148
1341846250.946118 0.115169115 -0.014257949 0.017986517 0.080706060 -0.008611837 0.000928473 0.996700346
1341846250.981803 0.115514264 -0.012857576 0.017159490 0.081823222 -0.008626045 0.000292672 0.996609509
1341846251.014047 0.114408784 -0.016660482 0.016512260 0.081199512 -0.009949424 -0.000714456 0.996647954
1341846251.046033 0.116408736 -0.016726254 0.018188151 0.082126044 -0.010823015 -0.001884784 0.996561408
1341846251.081959 0.119493127 -0.019011546 0.021272974 0.083502106 -0.010770688 -0.001461987 0.996448398
1341846251.114058 0.120952681 -0.019512534 0.020440679 0.085290104 -0.010204913 -0.001979643 0.996302009
1341846251.149920 0.120472752 -0.014440734 0.013685911 0.087127224 -0.009823316 -0.002927547 0.996144533
1341846251.181983 0.121028937 -0.019337712 0.019399004 0.087355420 -0.008927337 -0.004090630 0.996128857
1341846251.214205 0.113976844 -0.015501396 0.013841237 0.088667169 -0.008149584 -0.004911159 0.996015966
1341846251.249978 0.110779397 -0.017816732 0.019402260 0.088564314 -0.009969337 -0.002737760 0.996016860
1341846251.281923 0.111245066 -0.017902842 0.015339401 0.089352973 -0.011425951 -0.003798816 0.995927274
1341846251.318026 0.110059485 -0.013016030 0.014076313 0.089274421 -0.012508528 -0.004517830 0.995918274
1341846251.350003 0.107294656 -0.015047724 0.016897589 0.086875252 -0.014534552 -0.003998009 0.996105134
1341846251.382003 0.106393926 -0.017247697 0.018458821 0.087286755 -0.016541461 -0.004749749 0.996034622
1341846251.417971 0.106966652 -0.008141625 0.017657600 0.088120103 -0.017412789 -0.005667469 0.995941520
1341846251.449878 0.106463693 -0.005599769 0.022457672 0.085555777 -0.018282183 -0.006532830 0.996144235
1341846251.481872 0.106077060 -0.009239795 0.020416865 0.082577258 -0.020068405 -0.006266029 0.996362865
1341846251.517870 0.101614654 -0.005902724 0.023196628 0.081876226 -0.020952653 -0.006088804 0.996403635
1341846251.549884 0.110971682 -0.006211337 0.029189466 0.080118671 -0.022508752 -0.006022816 0.996513009
1341846251.586071 0.105780810 -0.007696796 0.022869466 0.079237185 -0.021490278 -0.006047097 0.996605814
1341846251.618241 0.096249335 -0.010106941 0.022374788 0.079882354 -0.020988245 -0.004170579 0.996574640
1341846251.649917 0.101237439 -0.006862778 0.024521176 0.081103399 -0.020856859 -0.004560758 0.996477067
1341846251.686034 0.104105309 -0.006813530 0.024089869 0.081541188 -0.018815229 -0.006088727 0.996473789
1341846251.718103 0.106105454 -0.008920334 0.020321533 0.081154868 -0.018214479 -0.005846328 0.996517956
1341846251.749907 0.100840628 -0.012781087 0.028706886 0.081173927 -0.017997054 -0.005328890 0.996523201
