1548266065.457160 0.000000000 0.000000000 0.000000000 -0.000000000 -0.000000000 -0.000000000 1.000000000
1548266065.490670 -0.011961139 0.005484883 0.003417142 -0.002300234 0.002703770 0.000166647 0.999993682
1548266065.524080 -0.008559470 0.020055596 0.011131832 -0.002320019 -0.001544973 0.000069082 0.999996126
1548266065.557700 -0.013216368 0.038759731 0.013815070 -0.000923430 -0.003442961 -0.001025521 0.999993145
1548266065.591230 -0.015604148 0.071182355 0.017882064 0.001821178 -0.001802018 -0.001463926 0.999995649
1548266065.624740 -0.017408539 0.029969435 0.020988367 -0.008433768 -0.001623827 -0.000462515 0.999963105
1548266065.658150 -0.017542453 0.024086971 0.024430720 -0.011618879 -0.003226107 -0.001445003 0.999926269
1548266065.691660 -0.016929552 0.052526571 0.028372930 -0.009301927 -0.002693112 -0.001504394 0.999952018
1548266065.725180 -0.007856099 0.038906317 0.032403734 -0.015253447 -0.003258167 -0.001205900 0.999877632
1548266065.758690 -0.032690413 0.039386161 0.036804356 -0.018649604 0.000057780 -0.001738688 0.999824643
1548266065.792190 -0.027329780 0.080290280 0.040256660 -0.014234306 -0.003004170 -0.000624717 0.999894023
1548266065.825710 -0.030357853 0.076721944 0.037314247 -0.019223949 -0.000608662 -0.003820982 0.999807715
1548266065.859230 -0.050244611 0.070940226 0.034845702 -0.025191626 0.004650084 -0.003075081 0.999667108
1548266065.892670 -0.040094402 0.086099081 0.045706045 -0.027066307 0.002424527 -0.004433247 0.999620914
1548266065.926070 -0.033012014 0.099533550 0.061219268 -0.028865300 0.002602047 -0.005602950 0.999564230
1548266065.959700 -0.044690143 0.066999033 0.059988841 -0.039687481 0.005220447 -0.006453130 0.999177694
1548266065.993210 -0.040425539 0.073490299 0.072867699 -0.041353483 0.001822780 -0.006531676 0.999121606
1548266066.026810 -0.033019967 0.095595159 0.081061721 -0.039956007 0.000072736 -0.008051115 0.999169052
1548266066.060270 -0.033129029 0.112082087 0.088610917 -0.040242035 0.000608921 -0.009322613 0.999146342
1548266066.093790 -0.042635191 0.097771831 0.087222762 -0.045697074 0.000659074 -0.009791800 0.998907149
1548266066.127350 -0.029067794 0.100888520 0.095580578 -0.046821084 -0.003560422 -0.013249267 0.998809099
1548266066.160870 -0.035105579 0.098158389 0.099977136 -0.049701937 -0.001239087 -0.014174517 0.998662770
1548266066.194330 -0.042825032 0.101331271 0.105396211 -0.051692095 -0.001880598 -0.014251386 0.998559654
1548266066.227730 -0.035564695 0.099836282 0.114282399 -0.053949982 -0.005333221 -0.018661600 0.998355031
1548266066.261240 -0.041845925 0.101730958 0.118847564 -0.055446666 -0.003320642 -0.020371916 0.998248339
1548266066.294760 -0.046022255 0.110001661 0.126357183 -0.056704596 -0.004380289 -0.019133542 0.998198092
1548266066.328280 -0.051177055 0.102418952 0.134026349 -0.060226012 -0.008943950 -0.020966608 0.997924507
1548266066.361790 -0.052046169 0.118108585 0.139727354 -0.058803726 -0.011640229 -0.024209090 0.997908175
1548266066.395310 -0.059752002 0.111078456 0.146276176 -0.062546290 -0.012024144 -0.023579231 0.997691035
1548266066.428840 -0.061910279 0.109099008 0.155315056 -0.064228468 -0.018589737 -0.023118244 0.997494280
1548266066.462360 -0.057339501 0.111316346 0.161836609 -0.064833470 -0.026221804 -0.024709363 0.997245491
1548266066.495860 -0.062723719 0.127227396 0.170804396 -0.063273557 -0.031440675 -0.027242485 0.997128785
1548266066.529330 -0.057689007 0.130015239 0.176988438 -0.064199321 -0.037160039 -0.030448910 0.996780038
1548266066.562840 -0.057446409 0.134445518 0.185758650 -0.064859651 -0.041305184 -0.032287467 0.996516287
1548266066.596360 -0.058673229 0.138161942 0.193001106 -0.065109216 -0.046544369 -0.034717627 0.996187329
1548266066.629880 -0.059967995 0.134229839 0.204133347 -0.066496238 -0.052016959 -0.038272198 0.995694637
1548266066.663440 -0.059933178 0.138618618 0.209186658 -0.065612189 -0.057926256 -0.042041756 0.995274901
1548266066.696970 -0.063656248 0.139904544 0.213487685 -0.065694503 -0.061846897 -0.046006903 0.994858086
1548266066.730540 -0.063763618 0.142682150 0.220429152 -0.066015691 -0.065618381 -0.050651342 0.994369507
1548266066.764130 -0.076248996 0.144042760 0.222617030 -0.067012139 -0.067227371 -0.053844865 0.994027495
1548266066.797670 -0.076343447 0.150939047 0.230403900 -0.067359045 -0.073223546 -0.057374913 0.993382752
1548266066.831250 -0.083192468 0.172578394 0.231921226 -0.064354964 -0.075913101 -0.058798928 0.993296683
1548266066.864780 -0.098917261 0.183041751 0.234157413 -0.064227290 -0.079457350 -0.059841059 0.992965519
1548266066.898300 -0.095294669 0.170103028 0.254398316 -0.070555076 -0.086493224 -0.063534968 0.991717815
1548266066.931810 -0.098920166 0.167776898 0.257625610 -0.073890872 -0.089234628 -0.064144582 0.991192639
1548266066.965320 -0.105343804 0.169625178 0.264858514 -0.076592132 -0.092701271 -0.064224765 0.990664124
1548266066.998840 -0.100748785 0.163649336 0.275272161 -0.080757946 -0.099192187 -0.065593839 0.989614367
1548266067.032360 -0.101898514 0.159719780 0.280409187 -0.083683439 -0.102617458 -0.066347584 0.988971531
1548266067.065880 -0.113110945 0.162486658 0.289231271 -0.084728323 -0.105230786 -0.066388637 0.988605201
1548266067.099400 -0.122073054 0.160286114 0.294712275 -0.085818283 -0.110124066 -0.067530543 0.987900615
1548266067.132910 -0.117968790 0.157357574 0.302736282 -0.087147214 -0.116489902 -0.070209906 0.986866772
1548266067.166420 -0.119060531 0.158744052 0.305511326 -0.087354727 -0.120152891 -0.070709229 0.986373544
1548266067.199940 -0.128557160 0.163838968 0.317554504 -0.086767532 -0.125381380 -0.072612882 0.985635996
1548266067.233450 -0.127638906 0.147623762 0.315476388 -0.088747248 -0.134312525 -0.072612360 0.984282255
1548266067.266920 -0.137897462 0.152830601 0.321465284 -0.087426692 -0.139768854 -0.074685000 0.983485341
1548266067.300440 -0.118330412 0.137137592 0.323176622 -0.089994736 -0.150578931 -0.075126477 0.981622636
1548266067.333960 -0.121801458 0.135728315 0.324727863 -0.089952767 -0.157547817 -0.075223744 0.980524719
1548266067.367470 -0.121077068 0.135214537 0.334183186 -0.089800015 -0.167984828 -0.076368064 0.978716016
1548266067.400990 -0.126446098 0.126887500 0.331328183 -0.091440931 -0.174986199 -0.076935187 0.977291882
1548266067.434490 -0.125858828 0.127223551 0.335272998 -0.091149658 -0.182509273 -0.077631146 0.975887060
1548266067.468000 -0.126738966 0.121881649 0.347724319 -0.091751456 -0.191361189 -0.078254767 0.974083543
1548266067.501480 -0.133843020 0.123681992 0.345474452 -0.090659462 -0.203164548 -0.078157865 0.971800625
1548266067.534990 -0.135898799 0.122772194 0.353562415 -0.089655146 -0.217582583 -0.079397507 0.968667030
1548266067.568510 -0.134443015 0.118026003 0.357546955 -0.089424893 -0.229833558 -0.081038065 0.965718687
1548266067.602030 -0.151483610 0.103046939 0.353623688 -0.092363335 -0.236074641 -0.079788022 0.964039266
1548266067.635500 -0.157855868 0.097213984 0.357163489 -0.092605308 -0.243874297 -0.081465952 0.961931884
1548266067.669020 -0.159592897 0.095005363 0.360169888 -0.091351293 -0.252208889 -0.082758933 0.959789932
1548266067.702530 -0.154317632 0.084950849 0.365032554 -0.091895796 -0.259944648 -0.086194113 0.957368553
1548266067.736050 -0.154159099 0.079104312 0.368063003 -0.091436416 -0.265537113 -0.086068310 0.955887914
1548266067.769660 -0.160557717 0.077894881 0.366591960 -0.088418566 -0.270818383 -0.088272743 0.954488099
1548266067.803170 -0.157016143 0.085158572 0.368319988 -0.084176920 -0.274486750 -0.090453543 0.953619123
1548266067.836690 -0.159822211 0.075399160 0.369491398 -0.084646791 -0.276418746 -0.091083921 0.952959239
1548266067.870200 -0.163341701 0.071238801 0.371591628 -0.083270498 -0.279715627 -0.093059950 0.951927066
1548266067.903720 -0.164598078 0.070460081 0.368758202 -0.081145883 -0.279988468 -0.094587319 0.951879740
1548266067.937240 -0.168946221 0.059587963 0.367880702 -0.081609823 -0.281187385 -0.094878934 0.951457620
1548266067.970760 -0.170779452 0.063348465 0.370638639 -0.077495597 -0.282959282 -0.095426850 0.951221466
1548266068.004320 -0.172181919 0.051363513 0.365854293 -0.076647423 -0.282667071 -0.094709799 0.951448679
1548266068.037830 -0.174315840 0.036749307 0.369675696 -0.077501468 -0.285995513 -0.093858168 0.950468719
1548266068.071350 -0.174114481 0.032986134 0.373480588 -0.075477324 -0.291364938 -0.093709305 0.949014425
1548266068.104920 -0.172982752 0.035019431 0.368926316 -0.071631618 -0.294431418 -0.093486488 0.948387742
1548266068.138440 -0.178337634 0.022717930 0.369148850 -0.072694801 -0.296179295 -0.092449740 0.947864115
1548266068.171950 -0.179705545 0.017727852 0.367008865 -0.071487270 -0.300897717 -0.091194138 0.946590662
1548266068.205470 -0.178004429 0.020407874 0.365972579 -0.067243859 -0.303237855 -0.092007458 0.946075916
1548266068.239110 -0.183552280 0.011460628 0.360317469 -0.066709653 -0.302640021 -0.091448456 0.946359396
1548266068.272630 -0.181893632 -0.000196746 0.362814933 -0.066645518 -0.306268096 -0.090445682 0.945292473
1548266068.306020 -0.183244169 -0.007528575 0.363581717 -0.064464256 -0.307778746 -0.089878008 0.945007205
1548266068.339540 -0.184847802 -0.012010636 0.357002020 -0.062435269 -0.309473425 -0.087158881 0.944844663
1548266068.372990 -0.186637253 -0.017945256 0.356066376 -0.060889371 -0.312983751 -0.085169606 0.943970263
1548266068.406870 -0.187858894 -0.007194707 0.345252812 -0.054978028 -0.314672023 -0.085252963 0.943764269
1548266068.440430 -0.186680809 -0.007067952 0.339308619 -0.052794501 -0.313782364 -0.083752178 0.944319308
1548266068.473940 -0.190260634 -0.017858880 0.339607894 -0.054143537 -0.314424187 -0.082783274 0.944114864
1548266068.507050 -0.191608235 -0.023774918 0.337877274 -0.054264855 -0.315818965 -0.081572980 0.943747640
1548266068.539810 -0.194498792 -0.021519549 0.331577599 -0.052708372 -0.315865129 -0.080940850 0.943874776
1548266068.573280 -0.195712388 -0.030757908 0.330345988 -0.054055315 -0.317252129 -0.080423430 0.943377614
1548266068.606800 -0.198752895 -0.030978665 0.329503804 -0.053236056 -0.320104182 -0.079915464 0.942503512
1548266068.640310 -0.202199101 -0.036481410 0.325010419 -0.053494729 -0.321817130 -0.079389617 0.941949785
1548266068.674120 -0.203357697 -0.034736849 0.322152883 -0.052332371 -0.324429601 -0.079232641 0.941131771
1548266068.707630 -0.206879601 -0.032695532 0.317949295 -0.050795674 -0.326095372 -0.079538770 0.940614283
1548266068.741150 -0.209229380 -0.036825515 0.312161148 -0.050605997 -0.327798486 -0.080121197 0.939982951
1548266068.774690 -0.220168769 -0.040140532 0.306952417 -0.050875574 -0.328676224 -0.081472509 0.939545631
1548266068.808250 -0.217974603 -0.037770420 0.303473711 -0.049335729 -0.331275374 -0.082721598 0.938605249
1548266068.841800 -0.226163566 -0.041187864 0.296513557 -0.049762089 -0.332458615 -0.084028028 0.938048184
1548266068.875310 -0.224493995 -0.043127924 0.293036222 -0.049669202 -0.336253583 -0.085487232 0.936567426
1548266068.908830 -0.232457310 -0.041095108 0.288458318 -0.048580430 -0.339941472 -0.087172799 0.935136735
1548266068.942340 -0.250089020 -0.073892996 0.283744872 -0.054992251 -0.342706680 -0.089856274 0.933516920
1548266068.975900 -0.248423472 -0.069545783 0.286721498 -0.053906731 -0.348792940 -0.091962293 0.931117892
1548266069.009430 -0.259367615 -0.072403312 0.280055881 -0.054549526 -0.351443231 -0.094038092 0.929875731
1548266069.043210 -0.253713518 -0.082097806 0.290236354 -0.056714445 -0.360101402 -0.096424378 0.926181853
1548266069.076760 -0.268501967 -0.073575370 0.266627222 -0.055665985 -0.360946923 -0.099794589 0.925559103
1548266069.110330 -0.274079561 -0.070928812 0.259051681 -0.055713613 -0.364280045 -0.102249227 0.923981190
1548266069.143870 -0.270041287 -0.072082654 0.267585099 -0.056771204 -0.371135265 -0.103132345 0.921085954
1548266069.177380 -0.285710961 -0.069365114 0.251911998 -0.056377094 -0.372870743 -0.107634462 0.919893444
1548266069.210910 -0.289554626 -0.061676838 0.242833287 -0.055850431 -0.374432802 -0.109189898 0.919107378
1548266069.244470 -0.292477518 -0.069864169 0.252473652 -0.058146458 -0.379734010 -0.111306466 0.916532576
1548266069.277980 -0.291373074 -0.058961000 0.251863301 -0.055810325 -0.383477598 -0.113464989 0.914852977
1548266069.311500 -0.295268267 -0.058369033 0.249891818 -0.055390537 -0.384882927 -0.115631133 0.914016724
1548266069.344980 -0.302910775 -0.052853685 0.240781099 -0.054926932 -0.385829568 -0.116777115 0.913499713
1548266069.378480 -0.300519496 -0.054839406 0.242295325 -0.055765975 -0.390243202 -0.119008467 0.911283374
1548266069.411990 -0.310372770 -0.045881171 0.231916875 -0.055125803 -0.390533239 -0.122187793 0.910777211
1548266069.445510 -0.311913788 -0.041921873 0.231815949 -0.055752654 -0.392747253 -0.124632232 0.909454823
1548266069.479030 -0.314902931 -0.038830295 0.231444404 -0.056756318 -0.394947141 -0.127370834 0.908059597
1548266069.512540 -0.326817095 -0.033047985 0.216149852 -0.056903105 -0.393695235 -0.130727321 0.908117056
1548266069.546060 -0.324968606 -0.029554948 0.223950014 -0.057958212 -0.396440864 -0.132399142 0.906612396
1548266069.579560 -0.331855357 -0.022279285 0.210647926 -0.058218680 -0.395747483 -0.134337708 0.906613410
1548266069.613080 -0.334367573 -0.020711154 0.211474106 -0.059075758 -0.396517754 -0.136609420 0.905881703
1548266069.646520 -0.335138619 -0.023312349 0.222453088 -0.060508303 -0.397968143 -0.138286114 0.904896140
1548266069.680030 -0.335700244 -0.009093821 0.230254948 -0.058181472 -0.397742480 -0.139897659 0.904900253
1548266069.713550 -0.339063525 -0.005720403 0.223214880 -0.058161978 -0.392567277 -0.140505046 0.907064795
1548266069.747070 -0.344486833 -0.012188707 0.223044172 -0.061038263 -0.390811265 -0.140141129 0.907690167
1548266069.780580 -0.340252638 0.002786562 0.229146585 -0.058765113 -0.391335547 -0.141225412 0.907446206
1548266069.814110 -0.342699498 0.010970581 0.226093888 -0.058505546 -0.386909336 -0.143438548 0.909012496
1548266069.847710 -0.343069673 0.010350503 0.229942560 -0.061243415 -0.383125633 -0.143579423 0.910411417
1548266069.881220 -0.347246557 0.015184261 0.230923966 -0.062567636 -0.380100399 -0.144965291 0.911369324
1548266069.914660 -0.338514447 0.035820842 0.215512931 -0.059583992 -0.373295218 -0.147476360 0.913975477
1548266069.948130 -0.351900160 0.034585886 0.214914650 -0.062746666 -0.364925742 -0.147789240 0.917088032
1548266069.981690 -0.349943757 0.020172147 0.228780270 -0.067755707 -0.363869190 -0.147946969 0.917126060
1548266070.015280 -0.340781331 0.039477803 0.232731938 -0.065045834 -0.360871285 -0.149291664 0.918288112
1548266070.048790 -0.341779739 0.051001433 0.233530760 -0.064472854 -0.353318185 -0.151062235 0.920972228
1548266070.082310 -0.350795448 0.041941840 0.228531629 -0.068625100 -0.345239133 -0.151721776 0.923623860
1548266070.115820 -0.344544500 0.051483609 0.241018772 -0.068164244 -0.342735052 -0.153435856 0.924307227
1548266070.149350 -0.340740770 0.056549817 0.238999516 -0.068376996 -0.334959298 -0.153872564 0.927065372
1548266070.182870 -0.345387161 0.049467541 0.248426959 -0.072176702 -0.329237133 -0.152908489 0.928984642
1548266070.216370 -0.345417321 0.057833418 0.245540202 -0.071516499 -0.325310200 -0.153655052 0.930295050
1548266070.249900 -0.335133702 0.064324751 0.254397124 -0.070938043 -0.321497798 -0.153166667 0.931744039
1548266070.283400 -0.337120444 0.065219179 0.254655808 -0.071688168 -0.315569490 -0.153038442 0.933732271
1548266070.316720 -0.335257053 0.072298005 0.261272669 -0.071260989 -0.311932832 -0.153474435 0.934914708
1548266070.350240 -0.326832920 0.072228342 0.262068152 -0.071476862 -0.307514995 -0.154220462 0.936238110
1548266070.383950 -0.334372640 0.071601823 0.258712858 -0.072403789 -0.299359888 -0.154433921 0.938771307
1548266070.417470 -0.325071752 0.081251889 0.265286952 -0.070238240 -0.296531439 -0.154378489 0.939842045
1548266070.451040 -0.324783534 0.084632963 0.259246767 -0.069917664 -0.288378090 -0.153994396 0.942462385
1548266070.484620 -0.315096408 0.086494245 0.268953741 -0.069731258 -0.284204245 -0.152995035 0.943905771
1548266070.518160 -0.315024257 0.083056912 0.272908092 -0.070781797 -0.278243333 -0.152722254 0.945646107
1548266070.551720 -0.314781487 0.100903757 0.248755306 -0.066420913 -0.265913218 -0.151575401 0.949685931
1548266070.585280 -0.323371768 0.093054719 0.247848839 -0.068601772 -0.257969439 -0.149134547 0.952105343
1548266070.618750 -0.308686763 0.091590859 0.253912807 -0.067806304 -0.256572753 -0.146552995 0.952940166
1548266070.652220 -0.302651584 0.094416529 0.253542155 -0.066745162 -0.250177234 -0.144007146 0.955101252
1548266070.685710 -0.296158284 0.093207270 0.260787100 -0.066650957 -0.245627403 -0.140825078 0.956761777
1548266070.719230 -0.290584415 0.096101031 0.261154771 -0.065292075 -0.241044849 -0.139907509 0.958154619
1548266070.752640 -0.290593088 0.100399077 0.256402642 -0.064693585 -0.234095857 -0.138023317 0.960189342
1548266070.786260 -0.285532683 0.105852827 0.251717240 -0.064141408 -0.225251779 -0.136135578 0.962608278
1548266070.819780 -0.275443077 0.094357423 0.267457575 -0.067397304 -0.220302477 -0.133321866 0.963924110
1548266070.853290 -0.272430539 0.102635518 0.277759343 -0.066894375 -0.215125948 -0.130822912 0.965469480
1548266070.886810 -0.270799458 0.106003262 0.273038775 -0.067634799 -0.205812156 -0.126931295 0.967964530
1548266070.920320 -0.262143105 0.106734350 0.279918581 -0.068978451 -0.199163914 -0.123040557 0.969761193
1548266070.953730 -0.262813330 0.104960449 0.283042938 -0.071300581 -0.190756455 -0.118982911 0.971787691
1548266070.987250 -0.252521515 0.106144607 0.286692232 -0.072577432 -0.183330581 -0.114870578 0.973615587
1548266071.020760 -0.241928935 0.100908205 0.288095742 -0.075142868 -0.178214982 -0.110731319 0.974849582
1548266071.054280 -0.238437131 0.103295855 0.289895922 -0.075883120 -0.173483580 -0.108293779 0.975918889
1548266071.087780 -0.237434387 0.100095302 0.291706711 -0.077267319 -0.167084843 -0.106652237 0.977106810
1548266071.121220 -0.233655199 0.106953964 0.285139889 -0.076243065 -0.158310354 -0.103183843 0.979018927
1548266071.154820 -0.222881809 0.095408089 0.292320043 -0.078437880 -0.156210512 -0.100632913 0.979448259
1548266071.188460 -0.213710472 0.099756598 0.297109902 -0.075587884 -0.151924565 -0.098077141 0.980605066
1548266071.221990 -0.213292480 0.099413708 0.299374998 -0.073931187 -0.147482976 -0.093913525 0.981816292
1548266071.255510 -0.211719707 0.092014946 0.294375360 -0.072554700 -0.145228833 -0.092059970 0.982430398
1548266071.289100 -0.207676619 0.094492540 0.293222070 -0.068582125 -0.140911862 -0.088898495 0.983634830
1548266071.322610 -0.207012936 0.087750703 0.288249552 -0.066827156 -0.136802256 -0.085945427 0.984597743
1548266071.356420 -0.204734296 0.080008678 0.288765848 -0.065438315 -0.135905683 -0.084950916 0.984901488
1548266071.389650 -0.207133755 0.078602470 0.282231182 -0.062259443 -0.131702244 -0.083799407 0.985776901
1548266071.423090 -0.202508643 0.076347440 0.278913856 -0.059924982 -0.130109057 -0.081935517 0.986289620
1548266071.456680 -0.198503867 0.068491042 0.283283859 -0.058722980 -0.131072506 -0.080357514 0.986364186
1548266071.490190 -0.204360276 0.062360670 0.274211556 -0.056972664 -0.128233388 -0.079469413 0.986911833
1548266071.523630 -0.200155094 0.063889459 0.271887869 -0.054078031 -0.125594467 -0.077344954 0.987582624
1548266071.557040 -0.198773772 0.055193771 0.274214059 -0.054238301 -0.125478417 -0.074642532 0.987796485
1548266071.590560 -0.205123499 0.060334694 0.263567269 -0.051035814 -0.124201864 -0.074029945 0.988174498
1548266071.624180 -0.207453102 0.052870467 0.259476840 -0.051083032 -0.121275179 -0.072965778 0.988614678
1548266071.657590 -0.201598838 0.050505612 0.261224449 -0.050193604 -0.122177958 -0.071799800 0.988634467
1548266071.691040 -0.211040601 0.049212195 0.251431495 -0.048509691 -0.120542742 -0.072103158 0.988897145
1548266071.724550 -0.213951707 0.048296474 0.246950299 -0.047216777 -0.117323726 -0.071195193 0.989412487
1548266071.758070 -0.223632917 0.039984155 0.255614728 -0.048237879 -0.117400967 -0.068878539 0.989518046
1548266071.791590 -0.225389242 0.039436098 0.249402463 -0.046594605 -0.119836062 -0.069122612 0.989287853
1548266071.825100 -0.228576958 0.033645950 0.243839458 -0.046436075 -0.118480310 -0.068324797 0.989513993
1548266071.858620 -0.234897509 0.030046206 0.244722620 -0.046029992 -0.117531240 -0.066811532 0.989749372
1548266071.892130 -0.235718399 0.032812919 0.241060436 -0.043627761 -0.119952604 -0.065891437 0.989629447
1548266071.925650 -0.243163809 0.025512561 0.232589483 -0.043606568 -0.118884668 -0.065941945 0.989755809
1548266071.959170 -0.237468675 0.025173545 0.234745219 -0.042271439 -0.120129056 -0.064155616 0.989780903
1548266071.992680 -0.243456557 0.022203868 0.229144022 -0.041113727 -0.121688403 -0.064883813 0.989591718
1548266072.026200 -0.247765094 0.020338595 0.222294688 -0.040215552 -0.120074235 -0.065154321 0.989808023
1548266072.059730 -0.248547927 0.024394408 0.220798776 -0.038657326 -0.119853109 -0.064499497 0.989939749
1548266072.093250 -0.259244710 0.019567247 0.215301841 -0.038893461 -0.119418494 -0.065421425 0.989922583
1548266072.126750 -0.258896947 0.019404233 0.208201200 -0.037936699 -0.119767748 -0.066242389 0.989862919
1548266072.160260 -0.261284024 0.013637779 0.206545010 -0.038578957 -0.118389212 -0.066146426 0.990010262
1548266072.193780 -0.258428633 0.015757130 0.207779676 -0.037486233 -0.121152788 -0.065370418 0.989769399
1548266072.227290 -0.264801830 0.016705278 0.194313392 -0.035938419 -0.121596418 -0.067529835 0.989627421
1548266072.260730 -0.259920597 0.026822165 0.189442322 -0.033051390 -0.120293304 -0.066285089 0.989971459
1548266072.294220 -0.257544369 0.026916262 0.190385848 -0.031447556 -0.122708522 -0.064033903 0.989875436
1548266072.327730 -0.253035277 0.024066858 0.182721242 -0.029585531 -0.126752883 -0.064505100 0.989392519
1548266072.361150 -0.252559096 0.026798800 0.174062595 -0.026325133 -0.126351818 -0.066020042 0.989436030
1548266072.394670 -0.252919137 0.020080481 0.166868970 -0.025571976 -0.122573353 -0.066461407 0.989901364
1548266072.428180 -0.250557184 0.020508565 0.166496113 -0.023912000 -0.122622065 -0.066442698 0.989938080
1548266072.461700 -0.252680242 0.020196339 0.156907305 -0.022078218 -0.121193305 -0.068406612 0.990022898
1548266072.495210 -0.251387388 0.024363784 0.154689550 -0.020857947 -0.118803598 -0.068454273 0.990335643
1548266072.528730 -0.246606424 0.023882840 0.150352761 -0.020718209 -0.118812867 -0.069922693 0.990234852
1548266072.562050 -0.231865063 0.025933206 0.150232300 -0.020403838 -0.118803397 -0.070634939 0.990191996
1548266072.595760 -0.241644323 0.025400801 0.140443772 -0.021295233 -0.113332756 -0.070817612 0.990801275
1548266072.629280 -0.239552021 0.021600535 0.140323445 -0.023062469 -0.113627568 -0.071066953 0.990710139
1548266072.662790 -0.223407969 0.027396830 0.139630228 -0.023139711 -0.114486374 -0.071184605 0.990601003
1548266072.696320 -0.233146325 0.025127482 0.132759452 -0.024731765 -0.111014262 -0.070856728 0.990981102
1548266072.730020 -0.228708029 0.023930274 0.129854247 -0.026192004 -0.110346474 -0.070662893 0.991032004
1548266072.763540 -0.226182982 0.032522004 0.126546562 -0.025953583 -0.107227080 -0.069913231 0.991433799
1548266072.797060 -0.227533653 0.030854821 0.122820988 -0.027433001 -0.104810961 -0.068754859 0.991733313
1548266072.830590 -0.212490931 0.033427749 0.122471176 -0.027159004 -0.106618308 -0.067805737 0.991613507
1548266072.864120 -0.206089184 0.034960244 0.118471421 -0.027195690 -0.106257044 -0.066505320 0.991739392
1548266072.897640 -0.202495098 0.034075134 0.115005992 -0.027737988 -0.107028268 -0.064877748 0.991749227
1548266072.931160 -0.194387928 0.036312871 0.110023841 -0.027131548 -0.109154597 -0.065629601 0.991484702
1548266072.964670 -0.189002797 0.040823340 0.105227381 -0.026521692 -0.108828634 -0.065706581 0.991531968
1548266072.998190 -0.188716054 0.030713424 0.104683220 -0.028708292 -0.109087221 -0.067233428 0.991340280
1548266073.031700 -0.175271913 0.043333296 0.099353880 -0.026345892 -0.110617839 -0.067386515 0.991225839
1548266073.065240 -0.176245481 0.032635178 0.098483078 -0.028813843 -0.111867808 -0.068192743 0.990961730
1548266073.098790 -0.163690984 0.045117002 0.092789121 -0.025759440 -0.113485560 -0.068679057 0.990828335
1548266073.132340 -0.154720575 0.045602180 0.087592475 -0.025004992 -0.115087748 -0.069125034 0.990631819
1548266073.165910 -0.144075647 0.049431201 0.084526405 -0.023918562 -0.117577232 -0.069529407 0.990337908
1548266073.199430 -0.138893858 0.049908143 0.078884691 -0.023499582 -0.118887670 -0.070720926 0.990107119
1548266073.232940 -0.135184124 0.049506642 0.073770940 -0.023771036 -0.118897952 -0.071921401 0.990012944
1548266073.266460 -0.123106889 0.053414196 0.070592329 -0.023130624 -0.119653657 -0.072655812 0.989883423
1548266073.299980 -0.111080937 0.057825368 0.071200483 -0.022853518 -0.119273424 -0.072761945 0.989927948
1548266073.333490 -0.104932442 0.054215424 0.066663161 -0.024433544 -0.118351504 -0.072052754 0.990052760
1548266073.366950 -0.103738852 0.047751646 0.059248053 -0.026184576 -0.117977612 -0.071306534 0.990106642
1548266073.400430 -0.090581805 0.057378311 0.052049227 -0.024264015 -0.119542077 -0.071511224 0.989953101
1548266073.433950 -0.076031387 0.063080117 0.054040518 -0.023137711 -0.119767919 -0.070698902 0.990011156
1548266073.467190 -0.072178632 0.058528677 0.045673318 -0.024404600 -0.117869429 -0.069384582 0.990301490
1548266073.500660 -0.065354645 0.061076894 0.040273145 -0.024242137 -0.118507132 -0.068351634 0.990301192
1548266073.534130 -0.055778634 0.063020639 0.036228571 -0.023376865 -0.119491301 -0.068601824 0.990186453
1548266073.567610 -0.050083231 0.066402003 0.028241074 -0.022956753 -0.117129341 -0.067485996 0.990555108
1548266073.601090 -0.044262968 0.066998772 0.025717517 -0.023139311 -0.116782978 -0.066865921 0.990633845
1548266073.634550 -0.039214123 0.067848116 0.024186671 -0.022384658 -0.117832698 -0.067127675 0.990509093
1548266073.668050 -0.035038278 0.070786707 0.016923934 -0.021783398 -0.116393648 -0.068294473 0.990612924
1548266073.701520 -0.032948356 0.069640279 0.015048455 -0.022068938 -0.116196297 -0.068434633 0.990620136
1548266073.735030 -0.033041317 0.072237052 0.014328728 -0.021102965 -0.118098363 -0.069212906 0.990362048
1548266073.768550 -0.030647539 0.074338056 0.003049199 -0.019505201 -0.116640992 -0.071326040 0.990417600
1548266073.802030 -0.025823196 0.069384694 0.008385150 -0.020257320 -0.116110288 -0.070273340 0.990540147
1548266073.835550 -0.022351762 0.076422617 -0.000373288 -0.018134261 -0.118068241 -0.069605514 0.990396976
1548266073.869070 -0.020313349 0.074621022 -0.006958210 -0.017482158 -0.118322469 -0.070834711 0.990291238
1548266073.902490 -0.021620030 0.085154004 -0.011666449 -0.015320227 -0.117003605 -0.069697611 0.990564346
1548266073.935880 -0.021913504 0.081516951 -0.017425921 -0.015704039 -0.118229866 -0.069516383 0.990425467
1548266073.969380 -0.021060808 0.082363591 -0.026165184 -0.015257907 -0.116885185 -0.070157789 0.990546823
1548266074.002900 -0.021376161 0.094533488 -0.027931126 -0.014208498 -0.115679026 -0.067114994 0.990914822
1548266074.036410 -0.014537545 0.090296052 -0.035839710 -0.015613332 -0.117802314 -0.067442365 0.990621209
1548266074.069930 -0.009642619 0.081109755 -0.043145861 -0.018211706 -0.118453659 -0.068358026 0.990436435
1548266074.103460 -0.006125846 0.085599974 -0.048338439 -0.018985594 -0.117218919 -0.066107310 0.990721524
1548266074.137030 -0.008966757 0.099341348 -0.053340651 -0.017950477 -0.117017545 -0.063327059 0.990946233
1548266074.170540 -0.004075885 0.116847724 -0.057367794 -0.016213519 -0.118161723 -0.062163044 0.990914106
1548266074.204060 -0.005570658 0.120537326 -0.063848242 -0.017354444 -0.115538463 -0.059619471 0.991360366
1548266074.237650 -0.006662755 0.118169270 -0.069939226 -0.019198861 -0.115461200 -0.056113407 0.991539896
1548266074.271280 -0.004085524 0.113247044 -0.074516490 -0.020936880 -0.117050327 -0.056157760 0.991315961
1548266074.304830 -0.001931086 0.116851009 -0.080537796 -0.020971734 -0.116064213 -0.056299061 0.991423070
1548266074.338350 -0.007569963 0.120589182 -0.085499302 -0.020237440 -0.115038902 -0.055331390 0.991612315
1548266074.371860 -0.009248782 0.117895298 -0.091060057 -0.019673698 -0.116503567 -0.056061648 0.991411626
1548266074.405380 -0.012927144 0.112627544 -0.098942690 -0.019626195 -0.115898602 -0.057669025 0.991391242
1548266074.438900 -0.013334848 0.109857872 -0.101912633 -0.019006535 -0.115760647 -0.058721572 0.991357684
1548266074.472410 -0.011848454 0.114793643 -0.109787427 -0.016587174 -0.116535850 -0.059993468 0.991234183
1548266074.505930 -0.016232084 0.113042109 -0.116632059 -0.015638281 -0.115739070 -0.060193479 0.991330743
1548266074.539410 -0.016332597 0.113841347 -0.122554235 -0.014412636 -0.115725972 -0.060797755 0.991313994
1548266074.572600 -0.016317904 0.113459997 -0.127940312 -0.013700932 -0.116747208 -0.060406275 0.991228282
1548266074.606120 -0.028774807 0.113086618 -0.135130122 -0.012975900 -0.115743592 -0.060903210 0.991325319
1548266074.639630 -0.025297524 0.110133313 -0.140685916 -0.012852430 -0.116815276 -0.061274614 0.991178334
1548266074.673170 -0.027607249 0.109070674 -0.146049708 -0.012682235 -0.116244592 -0.060725927 0.991281450
1548266074.706720 -0.024100870 0.112463869 -0.148461103 -0.011740049 -0.116580784 -0.059468221 0.991329789
1548266074.740210 -0.029363483 0.110703275 -0.151152164 -0.011947657 -0.115117006 -0.057817653 0.991595984
1548266074.773720 -0.026260614 0.119606838 -0.154287145 -0.010239391 -0.115398414 -0.056713466 0.991646051
1548266074.807240 -0.033433691 0.111244015 -0.157452002 -0.011785729 -0.114955761 -0.055970993 0.991722524
1548266074.840750 -0.031123966 0.112222724 -0.161405101 -0.011779859 -0.115679748 -0.055811919 0.991647422
1548266074.874270 -0.035528298 0.115829505 -0.160618603 -0.012036866 -0.114448860 -0.055905506 0.991781831
1548266074.907790 -0.040920489 0.108169772 -0.163948998 -0.014582212 -0.113405481 -0.055883609 0.991868794
1548266074.941330 -0.039673615 0.108599797 -0.165473327 -0.015568887 -0.112779424 -0.056763988 0.991875112
1548266074.974860 -0.041781917 0.106860273 -0.166865483 -0.017726352 -0.111744843 -0.055838365 0.992008567
1548266075.008380 -0.048053347 0.102124646 -0.168952927 -0.021057904 -0.110947840 -0.055863637 0.992031515
1548266075.042200 -0.062863283 0.105177648 -0.171794429 -0.023121351 -0.109625213 -0.054973744 0.992182255
1548266075.075720 -0.046325438 0.105856277 -0.162849292 -0.025435679 -0.114697456 -0.055051796 0.991547704
1548266075.109230 -0.049186956 0.101663314 -0.161535904 -0.027924562 -0.114609241 -0.056110084 0.991431594
1548266075.142750 -0.052311812 0.105201483 -0.164464578 -0.027759360 -0.116192885 -0.056860778 0.991209149
1548266075.176270 -0.054848339 0.083107159 -0.163239002 -0.031434134 -0.117211893 -0.061801251 0.990683556
1548266075.209780 -0.065509707 0.079630718 -0.163471684 -0.030719532 -0.116533116 -0.063973859 0.990648150
1548266075.243300 -0.060872041 0.073582739 -0.178001747 -0.028380264 -0.115739264 -0.069518425 0.990437388
1548266075.276810 -0.062698752 0.082822867 -0.171804294 -0.023504283 -0.111687228 -0.069456048 0.991034508
1548266075.310210 -0.030091388 0.034973700 -0.165234745 -0.025620319 -0.115445711 -0.067344323 0.990697086
1548266075.343720 -0.055776741 0.040318191 -0.165685430 -0.017042952 -0.106664136 -0.063530147 0.992117107
1548266075.377240 -0.056492936 0.047275312 -0.176781103 -0.010694980 -0.106439017 -0.063748091 0.992215991
1548266075.410750 -0.063168325 0.058211468 -0.185410604 -0.006478890 -0.105481192 -0.061701287 0.992484093
1548266075.444260 -0.055075645 0.053178050 -0.190662324 -0.005480368 -0.108004652 -0.061482530 0.992232323
1548266075.477780 -0.057342820 0.050335970 -0.196795210 -0.004825879 -0.106283367 -0.060005721 0.992511928
1548266075.511290 -0.067801513 0.034872841 -0.190732762 -0.007127122 -0.108320124 -0.058038145 0.992394865
1548266075.544800 -0.060598791 0.041285533 -0.191933259 -0.005158064 -0.113906436 -0.062019099 0.991540372
1548266075.578320 -0.062203795 0.040974129 -0.202694550 -0.003664031 -0.113058865 -0.063234165 0.991567314
1548266075.611840 -0.076512754 0.033716068 -0.211497292 -0.003899584 -0.110148706 -0.062954515 0.991911709
1548266075.645360 -0.078846753 0.037488028 -0.211666539 -0.000704099 -0.112607703 -0.063806273 0.991588593
1548266075.678870 -0.080632664 0.012201210 -0.213798881 -0.001224828 -0.117203392 -0.062401015 0.991144776
1548266075.712390 -0.065329596 0.028706748 -0.215326771 0.004630004 -0.118547060 -0.063339591 0.990915358
1548266075.745900 -0.082849458 0.017839322 -0.224907696 0.003295821 -0.116007708 -0.062153239 0.991296291
1548266075.779440 -0.070549361 0.013873406 -0.227294773 0.003016929 -0.119028173 -0.063021280 0.990884244
1548266075.812960 -0.085319407 0.026251223 -0.229291841 0.005296124 -0.115095630 -0.061937712 0.991407394
1548266075.846450 -0.097583428 0.035395890 -0.248896152 0.004064938 -0.117298938 -0.060864873 0.991221428
1548266075.879920 -0.073255651 -0.001050021 -0.228948191 -0.004791419 -0.124589585 -0.065184116 0.990053356
1548266075.913340 -0.066419147 0.009372801 -0.220124051 -0.003487881 -0.124933586 -0.063499801 0.990124822
1548266075.946860 -0.089874923 -0.009145549 -0.233517617 -0.006636987 -0.124054857 -0.066014275 0.990054786
1548266075.980380 -0.084332347 -0.014029382 -0.232049108 -0.007197520 -0.124024093 -0.064894386 0.990128756
1548266076.013890 -0.098837271 -0.004735925 -0.245412946 -0.004803940 -0.124135010 -0.058068100 0.990553200
1548266076.047610 -0.078790471 -0.038122781 -0.230285391 -0.011983335 -0.132675037 -0.063014664 0.989081860
1548266076.081250 -0.085131466 -0.034316245 -0.246928915 -0.011689681 -0.123304814 -0.061718691 0.990378797
1548266076.114780 -0.056306485 -0.047443870 -0.237281531 -0.014404683 -0.127585366 -0.056071632 0.990136623
1548266076.148310 -0.088000484 -0.055139180 -0.241297498 -0.016718104 -0.135990009 -0.058100242 0.988863826
1548266076.181830 -0.078766532 -0.076627500 -0.258087218 -0.020720275 -0.130445123 -0.058658708 0.989501834
1548266076.215340 -0.070314147 -0.052485570 -0.240415782 -0.018437808 -0.126370683 -0.054954633 0.990288138
1548266076.248860 -0.082830697 -0.060242444 -0.247486070 -0.019630700 -0.125436351 -0.053037427 0.990488470
1548266076.282370 -0.080740713 -0.067408912 -0.243144885 -0.019815607 -0.126682505 -0.053918719 0.990278602
1548266076.315900 -0.080968089 -0.075511470 -0.245322794 -0.020854602 -0.126703754 -0.051073924 0.990405381
1548266076.349410 -0.081367634 -0.076366551 -0.247769773 -0.020879444 -0.126894861 -0.051584482 0.990353882
1548266076.382930 -0.086014830 -0.080477923 -0.252897650 -0.021334760 -0.123599581 -0.050347358 0.990824521
1548266076.416450 -0.102988057 -0.064026751 -0.266665548 -0.019466784 -0.123865046 -0.048578516 0.990918100
1548266076.449960 -0.068304032 -0.090726726 -0.243030772 -0.024547404 -0.135168597 -0.051782448 0.989164054
1548266076.483480 -0.070811786 -0.078857318 -0.249303326 -0.022432417 -0.131842822 -0.054364931 0.989524543
1548266076.517010 -0.082964495 -0.096735448 -0.252880305 -0.026263341 -0.132705182 -0.054389510 0.989313602
1548266076.550530 -0.074886695 -0.099928111 -0.256334245 -0.027408727 -0.137328997 -0.057657521 0.988466024
1548266076.584050 -0.077665426 -0.092116982 -0.254939526 -0.028384220 -0.136515141 -0.059705984 0.988429666
1548266076.617560 -0.090430625 -0.090493634 -0.270092130 -0.030030966 -0.137827531 -0.060523912 0.988149107
1548266076.651080 -0.092602193 -0.097306028 -0.250784189 -0.035069939 -0.146965280 -0.063579783 0.986472964
1548266076.684590 -0.080013126 -0.080636658 -0.269623041 -0.034940779 -0.152798325 -0.065457411 0.985468030
1548266076.718090 -0.119634949 -0.112621665 -0.250828654 -0.045932747 -0.150793403 -0.069121391 0.985075593
1548266076.751300 -0.077016093 -0.101934955 -0.250933290 -0.046429247 -0.155686989 -0.071717791 0.984104931
1548266076.784820 -0.109098919 -0.106646232 -0.252487898 -0.049494341 -0.148055360 -0.070202664 0.985241890
1548266076.818340 -0.117132306 -0.164456189 -0.257684141 -0.061935343 -0.145474240 -0.072922997 0.984725177
1548266076.851970 -0.104885146 -0.126341224 -0.247583464 -0.057405502 -0.142187059 -0.070537135 0.985653102
1548266076.885620 -0.107809067 -0.098535776 -0.245199800 -0.053750914 -0.141464248 -0.068599395 0.986099839
1548266076.919330 -0.111249276 -0.122648768 -0.246794626 -0.059073497 -0.140594766 -0.071597256 0.985706508
1548266076.952870 -0.112354010 -0.152720287 -0.239204958 -0.066229790 -0.137254715 -0.069667451 0.985860705
1548266076.986360 -0.119957648 -0.115325920 -0.241845801 -0.061905570 -0.137817085 -0.069067061 0.986105442
1548266077.019870 -0.130710095 -0.070882834 -0.259721845 -0.056761932 -0.137566417 -0.074451245 0.986058176
1548266077.053320 -0.119999662 -0.082105935 -0.250145435 -0.062032014 -0.137850046 -0.078029551 0.985424221
1548266077.086830 -0.122145124 -0.119497262 -0.252875954 -0.071496867 -0.135745034 -0.078221314 0.985059857
1548266077.120350 -0.117155030 -0.079794884 -0.255478442 -0.068861268 -0.134506136 -0.080043375 0.985271156
1548266077.153870 -0.130308792 -0.080452740 -0.250461251 -0.072218329 -0.133043095 -0.081727922 0.985091209
1548266077.187450 -0.135718018 -0.084711559 -0.246676236 -0.075455904 -0.133561000 -0.085544400 0.984454155
1548266077.220970 -0.131222144 -0.086267054 -0.244483352 -0.077445149 -0.131518871 -0.089589819 0.984214842
1548266077.254490 -0.131279483 -0.071296774 -0.241192743 -0.076111212 -0.130805895 -0.089713439 0.984402597
1548266077.288000 -0.144737035 -0.088435769 -0.233537957 -0.080701612 -0.130728438 -0.093347184 0.983709157
1548266077.321560 -0.133732006 -0.085294865 -0.238118231 -0.079958066 -0.131027445 -0.098749831 0.983202457
1548266077.355030 -0.147190392 -0.079239361 -0.238957539 -0.079152368 -0.125968754 -0.099539287 0.983848929
1548266077.388550 0.056645077 0.090956405 -0.206159651 -0.047683850 -0.154894635 -0.098995283 0.981801331
1548266077.422000 0.017862523 0.068943240 -0.219364718 -0.052592203 -0.143071830 -0.103113577 0.982920229
1548266077.455510 -0.019166324 0.049121227 -0.229682595 -0.058253601 -0.131486192 -0.100502573 0.984488308
1548266077.489040 -0.052544534 0.025848037 -0.241455317 -0.064176701 -0.123709410 -0.099850006 0.985194087
1548266077.522560 -0.092643335 -0.010983162 -0.258465201 -0.073150910 -0.111877598 -0.104088515 0.985544503
1548266077.556130 -0.147440642 -0.031966966 -0.241300792 -0.081525825 -0.097980253 -0.103207149 0.986459196
1548266077.589590 -0.184958920 -0.065351702 -0.244562238 -0.090397649 -0.090727784 -0.102871455 0.986414850
1548266077.623090 -0.217082694 -0.120822445 -0.260877222 -0.102128558 -0.081356503 -0.105212420 0.985840380
1548266077.656620 -0.150620952 -0.039601985 -0.243183240 -0.090237401 -0.085274130 -0.101767145 0.987030447
1548266077.690140 -0.140650153 -0.034886692 -0.242370710 -0.090997480 -0.085938901 -0.099979796 0.987085700
1548266077.723710 -0.115320884 -0.042748507 -0.246727630 -0.093087614 -0.087199435 -0.101797566 0.986594260
1548266077.757230 -0.135555744 -0.040453173 -0.243379697 -0.094033062 -0.078315459 -0.100128859 0.987420261
1548266077.791030 -0.125965923 -0.031120133 -0.234463230 -0.093399867 -0.077515729 -0.099438630 0.987613201
1548266077.824620 -0.110816978 -0.036083862 -0.239645541 -0.094450161 -0.077716701 -0.100214921 0.987419009
1548266077.858160 -0.110368744 -0.030498147 -0.239675775 -0.094033718 -0.073551141 -0.099684618 0.987831473
1548266077.891680 -0.128860712 -0.030812485 -0.240904808 -0.094956174 -0.069303446 -0.098245338 0.988194466
1548266077.925200 -0.117840491 -0.031108450 -0.241802290 -0.095221072 -0.072072506 -0.099134065 0.987882078
1548266077.958720 -0.107389241 -0.024449700 -0.242312893 -0.094392456 -0.070058711 -0.099903785 0.988028944
1548266077.992230 -0.128995880 -0.032813307 -0.246199012 -0.097339921 -0.064941980 -0.098399431 0.988243401
1548266078.025750 -0.118884794 -0.029422341 -0.242186576 -0.097194225 -0.068387821 -0.098383561 0.988026917
1548266078.059260 -0.113130011 -0.027591359 -0.248276517 -0.097177438 -0.068881057 -0.098950997 0.987937570
1548266078.092840 -0.108177990 -0.024874579 -0.246544823 -0.096972734 -0.068393722 -0.098443195 0.988042295
1548266078.126360 -0.111866646 -0.025903188 -0.247392863 -0.097337134 -0.066144407 -0.099173546 0.988086522
1548266078.159880 -0.106439851 -0.025514655 -0.247444659 -0.097007170 -0.067470431 -0.098038755 0.988142610
1548266078.193380 -0.099218987 -0.032216392 -0.249945849 -0.097350568 -0.068412364 -0.099292986 0.987918794
1548266078.226900 -0.103254452 -0.023922171 -0.254515439 -0.095183261 -0.065508172 -0.099070750 0.988349140
1548266078.260420 -0.103385508 -0.025698408 -0.255851716 -0.094920337 -0.065123223 -0.098051824 0.988501430
1548266078.293930 -0.101956353 -0.025288058 -0.259758860 -0.094086051 -0.065337203 -0.098490730 0.988523424
1548266078.327440 -0.094348840 -0.024761269 -0.261986077 -0.093249619 -0.065450013 -0.097399130 0.988703370
1548266078.360940 -0.086917512 -0.016353210 -0.265612781 -0.091717519 -0.066333555 -0.097597539 0.988768160
1548266078.394450 -0.086696833 -0.026273906 -0.268898219 -0.093361162 -0.065223679 -0.099289909 0.988519669
1548266078.427970 -0.090475589 -0.026331892 -0.272834182 -0.093445517 -0.062129371 -0.098679841 0.988772094
1548266078.461490 -0.095623732 -0.024577791 -0.274642646 -0.093836792 -0.061272494 -0.098253481 0.988830984
1548266078.495010 -0.093662858 -0.029958591 -0.277565479 -0.095084935 -0.060555533 -0.099767640 0.988604248
1548266078.528520 -0.090782553 -0.026874533 -0.280397177 -0.094707176 -0.058388881 -0.098640382 0.988883972
1548266078.561990 -0.087276667 -0.027694687 -0.281764954 -0.095397256 -0.058926318 -0.098534748 0.988796234
1548266078.595500 -0.077999763 -0.038473353 -0.286604077 -0.097252056 -0.058289982 -0.101455264 0.988357842
1548266078.629010 -0.087325044 -0.029903259 -0.285960317 -0.096853748 -0.051179901 -0.100528844 0.988885164
1548266078.662480 -0.085529536 -0.019659925 -0.287767828 -0.095667452 -0.051062111 -0.099075831 0.989153385
1548266078.696050 -0.078261331 -0.026502984 -0.295801580 -0.096648641 -0.051248845 -0.101219535 0.988831282
1548266078.729560 -0.077696234 -0.022454483 -0.291618645 -0.096286178 -0.047296610 -0.099903069 0.989197373
1548266078.763030 -0.098512687 -0.028457886 -0.296449453 -0.097905308 -0.043894462 -0.099382654 0.989247680
1548266078.796540 -0.068231419 -0.025488019 -0.295959949 -0.095747665 -0.047713369 -0.100732014 0.989145577
1548266078.830050 -0.072049782 -0.017346393 -0.300392449 -0.094124675 -0.043556627 -0.099606961 0.989606917
1548266078.863560 -0.080746412 -0.015281593 -0.304837674 -0.093866155 -0.042695314 -0.099230766 0.989706814
1548266078.897040 -0.060744036 -0.015240801 -0.303075045 -0.093353793 -0.044866674 -0.100971788 0.989483118
1548266078.930550 -0.066252999 -0.010043381 -0.304790199 -0.092416115 -0.040725991 -0.100475788 0.989800692
1548266078.964080 -0.068770617 -0.004830055 -0.306775600 -0.091478892 -0.040788669 -0.098779149 0.990055859
1548266078.997590 -0.066017881 -0.005412197 -0.308510512 -0.091569819 -0.040608551 -0.101671472 0.989762008
1548266079.031100 -0.067325987 -0.004708992 -0.309445560 -0.091963403 -0.037923012 -0.101105809 0.989890039
1548266079.064620 -0.072998911 -0.000005179 -0.311771184 -0.091572195 -0.036206074 -0.101368837 0.989963651
1548266079.098140 -0.071327105 0.004504833 -0.312970340 -0.090819411 -0.035164461 -0.101466149 0.990060568
1548266079.131660 -0.069456868 0.002430169 -0.317344576 -0.091519721 -0.033223961 -0.102430090 0.989963889
1548266079.165170 -0.072628818 0.007664649 -0.315675110 -0.091212645 -0.031189799 -0.101123065 0.990192711
1548266079.198540 -0.069535047 0.006829786 -0.315798640 -0.091880038 -0.030834030 -0.101349153 0.990119040
1548266079.232060 -0.069244906 0.001016604 -0.315712571 -0.093300864 -0.028791659 -0.101725332 0.990009129
1548266079.265720 -0.067985840 0.006831750 -0.317343563 -0.092104815 -0.027390456 -0.099201903 0.990416825
1548266079.299490 -0.069497898 0.018941885 -0.313867509 -0.089975692 -0.028427592 -0.096425712 0.990857422
1548266079.333010 -0.056570318 0.010970774 -0.317408442 -0.090638697 -0.031145349 -0.098207206 0.990540266
1548266079.366520 -0.060202010 0.006415484 -0.317455411 -0.091397099 -0.028292157 -0.097016409 0.990673482
1548266079.400040 -0.066842161 0.012723614 -0.318818152 -0.090506993 -0.027549049 -0.094840087 0.990986884
1548266079.433550 -0.056334443 0.009093229 -0.317414522 -0.090683274 -0.030865192 -0.095472343 0.990812242
1548266079.466820 -0.060675632 0.009288648 -0.318595409 -0.090147592 -0.028256712 -0.095730647 0.990914106
1548266079.500260 -0.056671567 0.012968579 -0.319060326 -0.089058615 -0.028582301 -0.094264962 0.991143703
1548266079.533780 -0.050456379 0.017007243 -0.317921788 -0.088198952 -0.028186714 -0.095592171 0.991104841
1548266079.567290 -0.055362366 0.017389363 -0.320872486 -0.088093117 -0.025112290 -0.094196260 0.991330504
1548266079.600770 -0.055740412 0.015728304 -0.318506777 -0.088913888 -0.025093282 -0.093815893 0.991293728
1548266079.634290 -0.050549336 0.013441396 -0.316125005 -0.089337818 -0.023164788 -0.095149308 0.991175473
1548266079.667800 -0.053760305 0.019785812 -0.316297978 -0.088403121 -0.021295905 -0.092507176 0.991551220
1548266079.701320 -0.044214319 0.015598455 -0.314192861 -0.089045636 -0.024449868 -0.093090713 0.991366327
1548266079.734830 -0.049985498 0.014365908 -0.314891517 -0.089402758 -0.022911172 -0.093451485 0.991337001
1548266079.768350 -0.058313072 0.012161989 -0.320623159 -0.089667164 -0.023668841 -0.092017852 0.991429448
1548266079.801870 -0.052504987 0.033465367 -0.315169841 -0.085650057 -0.030588703 -0.091707475 0.991623998
1548266079.835410 -0.044299085 0.016508566 -0.316532880 -0.088007100 -0.033266749 -0.094890021 0.991031826
1548266079.868930 -0.056381229 0.016677927 -0.326853096 -0.087677293 -0.033081282 -0.093155444 0.991231799
1548266079.902410 -0.065706424 0.008931994 -0.323274821 -0.088840857 -0.038654421 -0.096695431 0.990587294
1548266079.935870 -0.039542858 0.013224494 -0.321407974 -0.087490499 -0.044596102 -0.097989887 0.990330577
1548266079.969360 -0.053168118 0.024056597 -0.318226278 -0.085771658 -0.043913443 -0.097065926 0.990602374
1548266080.002900 -0.043543179 0.016845133 -0.319582880 -0.086222470 -0.049986102 -0.098558716 0.990127981
1548266080.036390 -0.037637923 0.017526712 -0.318818420 -0.085325241 -0.051035102 -0.098179393 0.990189850
1548266080.069910 -0.044001389 0.011599267 -0.319710165 -0.085634135 -0.051581804 -0.097932912 0.990159214
1548266080.103450 -0.033108920 0.009558951 -0.314225674 -0.085112311 -0.054914903 -0.097628616 0.990055084
1548266080.136940 -0.025143595 0.007212687 -0.312391341 -0.083882526 -0.054896746 -0.097784609 0.990145564
1548266080.170450 -0.033747632 -0.003526080 -0.316121608 -0.084458828 -0.053129703 -0.095539421 0.990412176
1548266080.203970 -0.021564413 0.012932636 -0.313022375 -0.080082029 -0.055587389 -0.095464908 0.990648031
1548266080.237490 -0.017164599 0.004745121 -0.318556160 -0.080196485 -0.053985409 -0.096917659 0.990586281
1548266080.271000 -0.018049981 0.010704029 -0.315680593 -0.078558050 -0.051616576 -0.094190121 0.991106808
1548266080.304490 -0.009455879 0.003766089 -0.314169705 -0.078965843 -0.053830832 -0.094166674 0.990958810
1548266080.337980 -0.003032614 0.003050732 -0.315651774 -0.078559518 -0.052319054 -0.095243961 0.990969121
1548266080.371500 0.001607870 0.005494560 -0.315951616 -0.078700066 -0.050602093 -0.092744797 0.991284132
1548266080.405040 0.006208272 0.000105764 -0.310275048 -0.080785505 -0.052035209 -0.091324151 0.991174042
1548266080.438560 0.011738596 -0.000880125 -0.313702583 -0.082017198 -0.051731564 -0.093011789 0.990931809
1548266080.472040 0.016535988 0.004343080 -0.308169395 -0.082433388 -0.050328542 -0.090510294 0.991201162
1548266080.505560 0.017035060 0.019496744 -0.303599894 -0.081591509 -0.050771195 -0.088967390 0.991387904
1548266080.539080 0.034683093 0.000175750 -0.309282720 -0.085660830 -0.053391889 -0.091825366 0.990646124
1548266080.572590 0.023697982 0.006453700 -0.304786265 -0.085969754 -0.048453186 -0.090869389 0.990961254
1548266080.606090 0.033556323 0.006055560 -0.303435057 -0.086686268 -0.050904263 -0.090438433 0.990815401
1548266080.639490 0.041672394 0.004968870 -0.307443619 -0.087261356 -0.050811831 -0.091639839 0.990659237
1548266080.672960 0.047098309 0.004961119 -0.307612658 -0.088264659 -0.048645303 -0.093014151 0.990551114
1548266080.706480 0.046121664 0.007883616 -0.305813491 -0.089046896 -0.045607343 -0.092357844 0.990686953
1548266080.739970 0.050452828 0.010305919 -0.309690893 -0.089624994 -0.042782445 -0.092589475 0.990739226
1548266080.773490 0.037477426 -0.001163215 -0.311570585 -0.093674786 -0.038038753 -0.092187673 0.990595579
1548266080.807000 0.041941836 0.006595689 -0.313957602 -0.094052874 -0.036299199 -0.092169903 0.990626693
1548266080.840520 0.051479045 0.016571673 -0.314625889 -0.093452856 -0.034261253 -0.090742990 0.990887702
1548266080.873980 0.036461353 0.009964600 -0.319949567 -0.096539192 -0.030409653 -0.089645579 0.990817428
1548266080.907490 0.040920466 0.016247805 -0.322454453 -0.097652577 -0.029988514 -0.089072987 0.990772784
1548266080.941010 0.059466083 0.021289706 -0.319501996 -0.098262347 -0.029922497 -0.089107081 0.990711391
1548266080.974520 0.050247319 0.028228136 -0.320872515 -0.098707117 -0.026747998 -0.086266771 0.991009355
1548266081.008030 0.064398274 0.033385359 -0.326971471 -0.098935947 -0.029506084 -0.086374514 0.990898907
1548266081.041550 0.063521937 0.045906559 -0.329680443 -0.099039756 -0.026377995 -0.086829543 0.990936935
1548266081.075020 0.055132322 0.038179129 -0.334497899 -0.103316821 -0.023012172 -0.086175129 0.990641177
1548266081.108530 0.038778827 0.037239674 -0.335943073 -0.106456757 -0.022533126 -0.086482398 0.990292966
1548266081.141980 0.049581196 0.037424419 -0.341827571 -0.107759491 -0.022945501 -0.089116737 0.989908934
1548266081.175500 0.044819318 0.036773019 -0.339758098 -0.109537229 -0.019296132 -0.089661077 0.989742458
1548266081.209010 0.045773167 0.038939144 -0.342513889 -0.110347733 -0.018417433 -0.089940958 0.989643812
1548266081.242530 0.050058778 0.048682019 -0.346588850 -0.109020643 -0.016029937 -0.092656806 0.989581883
1548266081.276020 0.059115235 0.060933251 -0.347331762 -0.107677855 -0.012704781 -0.091490716 0.989885628
1548266081.309540 0.061121620 0.068626352 -0.351590544 -0.107088752 -0.010953253 -0.090765499 0.990037203
1548266081.343050 0.078717321 0.057331704 -0.360905349 -0.109772429 -0.010620953 -0.092451416 0.989590824
1548266081.376520 0.051126678 0.066013284 -0.354798526 -0.110744499 0.000939027 -0.089436486 0.989816070
1548266081.410040 0.046934258 0.074419446 -0.349196166 -0.111277312 0.002608956 -0.084472694 0.990189373
1548266081.443550 0.061496027 0.063536055 -0.358375192 -0.113181181 0.000339187 -0.083965726 0.990020096
1548266081.477070 0.100340962 0.084360287 -0.359072804 -0.110144176 0.002770427 -0.078157149 0.990833998
1548266081.510540 0.084958121 0.086353756 -0.366231322 -0.110915042 0.010084013 -0.073246077 0.991075814
1548266081.544050 0.102107182 0.087075554 -0.362974495 -0.111126527 0.007973026 -0.072444916 0.991130173
1548266081.577620 0.102372505 0.092897028 -0.362716407 -0.110394791 0.016597236 -0.069119021 0.991342604
1548266081.611130 0.099811144 0.095804885 -0.363376349 -0.111183234 0.021776555 -0.064619027 0.991457760
1548266081.644600 0.107544169 0.095833503 -0.362647563 -0.111833431 0.023091825 -0.063103333 0.991452515
1548266081.678120 0.100056641 0.101579830 -0.364450783 -0.110854417 0.029697971 -0.060398936 0.991554976
1548266081.711680 0.084527150 0.118797332 -0.353505254 -0.108898826 0.033187781 -0.056833114 0.991871774
1548266081.745150 0.112846322 0.112618953 -0.367650032 -0.109841108 0.029952751 -0.056900904 0.991866946
1548266081.778670 0.104455940 0.116137393 -0.369644046 -0.111167327 0.038096678 -0.055262677 0.991532385
1548266081.812180 0.090062544 0.112556383 -0.373712212 -0.113818645 0.042076293 -0.052788168 0.991205454
1548266081.845760 0.094098456 0.118255295 -0.373237282 -0.114368506 0.041293461 -0.053605329 0.991131246
1548266081.879270 0.098264299 0.128385037 -0.369944781 -0.113912329 0.043105707 -0.053460114 0.991114497
1548266081.912730 0.089044750 0.128226265 -0.371620208 -0.115229219 0.046701320 -0.052016970 0.990876138
1548266081.946310 0.095048435 0.129675999 -0.371419311 -0.115550376 0.045431949 -0.051289037 0.990935683
1548266081.979830 0.090173237 0.128744587 -0.375409663 -0.116137721 0.047458522 -0.052891310 0.990687788
1548266082.013350 0.080304720 0.129970774 -0.376128942 -0.115845881 0.050139938 -0.052611966 0.990604758
1548266082.046860 0.074578837 0.126991108 -0.375387907 -0.115482271 0.050143600 -0.053217340 0.990614653
1548266082.080380 0.067075767 0.134261608 -0.380315602 -0.113262147 0.051002812 -0.054888990 0.990735888
1548266082.114100 0.065268390 0.134066612 -0.382643729 -0.113185421 0.050054513 -0.054569993 0.990810633
1548266082.147700 0.058905464 0.134978533 -0.386891693 -0.112704441 0.049553085 -0.056096241 0.990805447
1548266082.181220 0.058449529 0.133321360 -0.383334607 -0.113073729 0.048650991 -0.057373632 0.990734935
1548266082.214730 0.049207974 0.139236674 -0.382807970 -0.112028964 0.049535610 -0.058208972 0.990761042
1548266082.248250 0.046102516 0.137480080 -0.384523332 -0.111793719 0.048999771 -0.059556011 0.990734220
1548266082.281890 0.036610082 0.138585985 -0.385732293 -0.111331217 0.050764233 -0.061334684 0.990588963
1548266082.315300 0.029322051 0.135929465 -0.388985872 -0.112070426 0.051161800 -0.061592899 0.990469098
1548266082.348820 0.022720560 0.137979254 -0.387073189 -0.111619949 0.048921477 -0.061940227 0.990611494
1548266082.382330 0.017057538 0.146819860 -0.383836150 -0.109705828 0.047157828 -0.063613221 0.990804791
1548266082.415850 0.006873322 0.153372929 -0.378607661 -0.108674824 0.048533574 -0.067343414 0.990605474
1548266082.449370 0.003643441 0.140131518 -0.388001710 -0.111142181 0.048413277 -0.067019366 0.990359545
1548266082.482880 -0.007151078 0.145813599 -0.387168348 -0.110185765 0.045586865 -0.069220066 0.990449190
1548266082.516380 -0.007083301 0.154956788 -0.380397111 -0.108648330 0.043857217 -0.070837609 0.990582764
1548266082.549890 -0.021543482 0.140835643 -0.388855219 -0.111348569 0.044972260 -0.071717329 0.990169525
1548266082.583410 -0.032296505 0.150536925 -0.380600065 -0.110439017 0.042690583 -0.073338583 0.990253627
1548266082.616890 -0.037849210 0.153866962 -0.379128605 -0.109538950 0.041878708 -0.075752132 0.990206599
1548266082.650380 -0.041352607 0.138067424 -0.380684018 -0.111865014 0.039714672 -0.075840712 0.990028858
1548266082.683890 -0.052188631 0.154253766 -0.375806063 -0.107986078 0.038687624 -0.078785405 0.990270257
1548266082.717400 -0.066814356 0.148288399 -0.372343123 -0.108157314 0.039889656 -0.081119597 0.990015328
1548266082.750870 -0.070479974 0.142186359 -0.376925230 -0.108143613 0.037332527 -0.082876638 0.989971101
1548266082.784380 -0.074082576 0.138904810 -0.378444910 -0.107215159 0.038353197 -0.085843764 0.989780188
1548266082.817900 -0.082772285 0.143018782 -0.376141578 -0.105512992 0.039838132 -0.084101938 0.990053952
1548266082.851410 -0.088504165 0.135097221 -0.372692972 -0.105821177 0.038637027 -0.085503884 0.989948571
1548266082.884940 -0.105308644 0.147624612 -0.368496597 -0.102546446 0.042179026 -0.087081671 0.990011096
1548266082.918450 -0.112457953 0.143794492 -0.368477076 -0.102752179 0.041949175 -0.083885334 0.990275502
1548266082.951970 -0.117695123 0.144771367 -0.366866618 -0.101914510 0.041705638 -0.084611706 0.990310550
1548266082.985490 -0.122872889 0.139818683 -0.366285414 -0.102488063 0.044263188 -0.083639748 0.990222931
1548266083.019000 -0.128004536 0.146943450 -0.357620060 -0.101526588 0.045374941 -0.079723887 0.990594566
1548266083.052520 -0.119816184 0.140276387 -0.359551132 -0.102341607 0.043839477 -0.079461157 0.990601003
1548266083.086050 -0.138178647 0.138938442 -0.354505956 -0.102636822 0.050330494 -0.078054294 0.990373731
1548266083.119570 -0.148152500 0.141774997 -0.345351875 -0.102390766 0.052876934 -0.074918889 0.990508616
1548266083.153080 -0.144856036 0.125030562 -0.350505382 -0.104958482 0.053609647 -0.074679300 0.990218580
1548266083.186590 -0.169976160 0.133362874 -0.339994460 -0.103656352 0.061045993 -0.072401404 0.990094364
1548266083.220100 -0.167856112 0.128539890 -0.332311094 -0.104085602 0.060510967 -0.070455357 0.990222514
1548266083.253620 -0.174678475 0.115933247 -0.332395852 -0.105386980 0.063427106 -0.069639750 0.989960074
1548266083.287150 -0.188624308 0.122926205 -0.325719118 -0.103361912 0.065869264 -0.066323735 0.990241766
1548266083.320660 -0.186440244 0.116043262 -0.323754340 -0.103204966 0.063967526 -0.068082906 0.990263402
1548266083.354200 -0.195164979 0.115566909 -0.321457982 -0.101638041 0.067439005 -0.067214027 0.990254521
1548266083.387680 -0.204912797 0.110325396 -0.320543975 -0.101203464 0.069859967 -0.065736815 0.990230381
1548266083.421140 -0.209969759 0.101992451 -0.323431432 -0.100898758 0.070813686 -0.065568760 0.990204811
1548266083.454450 -0.213968515 0.110545628 -0.319068819 -0.098621018 0.073366873 -0.065650284 0.990243077
1548266083.487970 -0.223850176 0.115280755 -0.317880183 -0.097979911 0.075282954 -0.064226501 0.990256250
1548266083.521490 -0.226692781 0.113932721 -0.314264119 -0.098896034 0.075638361 -0.062998235 0.990216970
1548266083.555000 -0.224731952 0.108648427 -0.323968112 -0.100382514 0.075507559 -0.061978549 0.990141749
1548266083.588520 -0.232913494 0.108231857 -0.314474165 -0.101722054 0.077785738 -0.061146580 0.989880383
1548266083.622540 -0.243398964 0.101147495 -0.312462717 -0.103945486 0.080037758 -0.060325004 0.989520192
1548266083.656050 -0.244504809 0.102710262 -0.311011970 -0.104577348 0.081244864 -0.060970020 0.989315748
1548266083.689570 -0.258060098 0.101474330 -0.306814015 -0.105726682 0.084941827 -0.060985811 0.988881946
1548266083.723090 -0.261693269 0.102704540 -0.303421974 -0.106483646 0.086333469 -0.060808554 0.988691092
1548266083.756600 -0.268926620 0.110048786 -0.306206793 -0.106072076 0.089247517 -0.063377038 0.988315225
1548266083.790120 -0.277445138 0.111998029 -0.303914666 -0.106961660 0.092989825 -0.062841699 0.987908423
1548266083.823610 -0.281704068 0.106068783 -0.303984165 -0.108274877 0.095041215 -0.062998354 0.987560153
1548266083.857120 -0.292195827 0.104436547 -0.302174360 -0.108543970 0.100301303 -0.062159125 0.987063408
1548266083.890640 -0.304299921 0.107843481 -0.303472549 -0.108182773 0.102869228 -0.060258523 0.986956596
1548266083.924160 -0.305287927 0.105935864 -0.306747764 -0.108851790 0.103243239 -0.061622333 0.986759782
1548266083.957700 -0.311769426 0.114222698 -0.308918536 -0.107778326 0.108409345 -0.056511518 0.986629546
1548266083.991220 -0.326271594 0.124764673 -0.303722680 -0.106894836 0.112202026 -0.055302799 0.986370027
1548266084.024730 -0.316090733 0.118249796 -0.311629117 -0.108940400 0.111729786 -0.050890796 0.986437321
1548266084.058220 -0.320686638 0.122356556 -0.311827213 -0.109614059 0.114474475 -0.048000235 0.986192882
1548266084.091730 -0.333924174 0.123931818 -0.313755631 -0.110983066 0.117013879 -0.045880198 0.985842586
1548266084.125210 -0.342399836 0.125608623 -0.323664963 -0.112317272 0.119384408 -0.047533900 0.985328734
1548266084.158440 -0.355443358 0.120488219 -0.324224412 -0.114928178 0.124296956 -0.045205373 0.984529495
1548266084.191960 -0.365504026 0.122693129 -0.323987365 -0.115759522 0.127410308 -0.047454946 0.983928084
1548266084.225470 -0.368396044 0.124261729 -0.327856332 -0.116381817 0.131562665 -0.046757270 0.983341455
1548266084.258990 -0.384986848 0.124561153 -0.331876844 -0.117138267 0.137182459 -0.045948006 0.982521474
1548266084.292500 -0.385871589 0.119499594 -0.331737965 -0.118877530 0.137906760 -0.043311469 0.982330918
1548266084.326250 -0.395525217 0.132608250 -0.337211460 -0.116546683 0.140405729 -0.042263232 0.982301891
1548266084.359910 -0.401798517 0.135313347 -0.341809064 -0.116456397 0.142670244 -0.041453432 0.982020736
1548266084.393630 -0.411953866 0.136644572 -0.342410415 -0.116811924 0.145829722 -0.041154582 0.981526911
1548266084.427150 -0.418413132 0.136248171 -0.346738845 -0.117491230 0.146345794 -0.039253205 0.981446862
1548266084.460660 -0.416992843 0.140088484 -0.348301291 -0.117421202 0.145585984 -0.039704505 0.981550097
1548266084.494110 -0.433418185 0.141025111 -0.352233261 -0.117171161 0.149619475 -0.039191574 0.980993927
1548266084.527620 -0.438469142 0.141022444 -0.354914576 -0.117213242 0.149960637 -0.037549444 0.981001019
1548266084.561200 -0.437122703 0.146589383 -0.357477903 -0.115902416 0.150558040 -0.038579490 0.981025279
1548266084.594730 -0.447343081 0.151807785 -0.352462649 -0.114733681 0.154020026 -0.036807474 0.980693221
1548266084.628250 -0.451698422 0.145451501 -0.356111556 -0.115207329 0.153476700 -0.035368156 0.980775893
1548266084.661770 -0.461794347 0.139958337 -0.359095424 -0.115387440 0.154359236 -0.037374798 0.980541766
1548266084.695280 -0.468361855 0.143581346 -0.356388211 -0.113604888 0.154891759 -0.036872413 0.980684936
1548266084.728790 -0.462052673 0.144844890 -0.355730742 -0.112059392 0.152756229 -0.036228500 0.981221557
1548266084.762300 -0.472319543 0.147729799 -0.362797886 -0.109379590 0.156778678 -0.038016558 0.980821788
1548266084.795820 -0.496848166 0.143046722 -0.357296288 -0.109026559 0.163394198 -0.034418050 0.979913771
1548266084.829350 -0.508150339 0.145582512 -0.359851658 -0.107288286 0.160737738 -0.036118694 0.980483651
1548266084.862920 -0.504018605 0.146582246 -0.357491285 -0.106379442 0.157966077 -0.035588682 0.981052279
1548266084.896440 -0.510384321 0.148093775 -0.355748296 -0.105731115 0.159513891 -0.035300042 0.980882347
1548266084.929960 -0.535478175 0.166289315 -0.348044634 -0.102723144 0.162266552 -0.036502417 0.980706453
1548266084.963470 -0.549034238 0.163853481 -0.345334411 -0.104127921 0.163704142 -0.036661085 0.980313420
1548266084.996980 -0.554447114 0.169277534 -0.341078490 -0.104592897 0.162055269 -0.036636122 0.980538726
1548266085.030440 -0.565065682 0.176673502 -0.335872948 -0.105058953 0.161210939 -0.035410833 0.980673075
1548266085.063960 -0.570496380 0.168178037 -0.329268426 -0.108568899 0.158732191 -0.035302166 0.980699122
1548266085.097420 -0.580654085 0.165008590 -0.323748320 -0.110572830 0.157342106 -0.033236366 0.980771363
1548266085.130810 -0.587582588 0.171390757 -0.313376993 -0.111067303 0.154718995 -0.032466006 0.981158555
1548266085.164330 -0.596962333 0.163987547 -0.311464399 -0.113944471 0.152844861 -0.032179307 0.981131852
1548266085.197840 -0.601075888 0.162613928 -0.305123031 -0.116142496 0.151831403 -0.031561852 0.981051564
1548266085.231360 -0.615155816 0.160353303 -0.298442185 -0.118459687 0.153266609 -0.030882753 0.980572820
1548266085.264870 -0.622297049 0.160845742 -0.291731238 -0.120429397 0.152927056 -0.028938795 0.980445147
1548266085.298390 -0.630736828 0.159576401 -0.285384148 -0.122160107 0.153712943 -0.028441625 0.980122626
1548266085.331910 -0.641100407 0.159937084 -0.278042108 -0.123143844 0.155379727 -0.025257371 0.979823887
1548266085.365420 -0.645207703 0.166540563 -0.273812413 -0.122773260 0.153346062 -0.021567730 0.980278850
1548266085.398940 -0.656733096 0.162440524 -0.269213021 -0.124875233 0.153360903 -0.021329908 0.980016172
1548266085.432450 -0.662728131 0.157416046 -0.262366891 -0.127194285 0.151800618 -0.019620877 0.979996562
1548266085.465900 -0.663215816 0.152525961 -0.262667626 -0.128522322 0.149982452 -0.019995142 0.980095685
1548266085.499420 -0.667916715 0.157512650 -0.257666439 -0.128408849 0.152049556 -0.020996029 0.979771018
1548266085.533000 -0.682136178 0.155081242 -0.253704071 -0.129177362 0.154244035 -0.020830354 0.979330480
1548266085.566750 -0.684028149 0.159338951 -0.252531588 -0.128462493 0.152798980 -0.022566726 0.979612470
1548266085.600550 -0.693869174 0.154381827 -0.249631092 -0.130050167 0.155426890 -0.025503684 0.978917301
1548266085.634240 -0.700275600 0.161604643 -0.242957041 -0.129175186 0.157118842 -0.026413865 0.978738904
1548266085.667770 -0.707944632 0.160603508 -0.242775604 -0.128949791 0.158951297 -0.027183693 0.978451610
1548266085.701510 -0.714778662 0.164809376 -0.237079337 -0.128411695 0.160871878 -0.027594130 0.978197038
1548266085.735180 -0.725869179 0.162983954 -0.238087252 -0.128384814 0.162404031 -0.027838899 0.977940381
1548266085.768720 -0.739055216 0.163681120 -0.231535673 -0.127708435 0.162914678 -0.028036192 0.977938354
1548266085.802220 -0.736046791 0.164040774 -0.233785868 -0.126806542 0.161213413 -0.030632110 0.978259742
1548266085.835730 -0.744522333 0.162281707 -0.236623228 -0.126746401 0.164920792 -0.030085243 0.977666318
1548266085.869250 -0.754500985 0.164552376 -0.232711136 -0.126521230 0.167860925 -0.028912980 0.977230370
1548266085.902760 -0.756895125 0.171047926 -0.228348196 -0.125151277 0.168086082 -0.028802877 0.977371335
1548266085.936280 -0.764439046 0.156930611 -0.239084661 -0.127061218 0.171852499 -0.029076066 0.976461411
1548266085.969800 -0.767335534 0.169659257 -0.222492874 -0.125481546 0.176297829 -0.027946705 0.975905955
1548266086.003310 -0.778019309 0.173717827 -0.219960421 -0.125240475 0.180766493 -0.027571397 0.975129843
1548266086.036600 -0.772827744 0.175628841 -0.229313076 -0.124548636 0.182560995 -0.025572024 0.974938571
1548266086.070110 -0.792708039 0.180594057 -0.216575682 -0.125112146 0.191731930 -0.021789134 0.973196328
1548266086.102910 -0.805777729 0.178306207 -0.212803632 -0.126379803 0.196593329 -0.019134469 0.972117841
1548266086.136370 -0.803497195 0.180251300 -0.216350704 -0.126456901 0.197834730 -0.016974598 0.971896112
1548266086.169870 -0.813901782 0.187682062 -0.211888015 -0.125841290 0.204103366 -0.013528755 0.970733166
1548266086.203380 -0.823619366 0.188599408 -0.210712895 -0.125977486 0.206235155 -0.009087653 0.970316529
1548266086.236880 -0.819506228 0.191931769 -0.210074440 -0.126252651 0.206883505 -0.006384128 0.970164359
1548266086.270280 -0.831744313 0.194508091 -0.208627760 -0.127020642 0.213831574 -0.003028666 0.968572557
1548266086.303760 -0.837243676 0.194020778 -0.202655479 -0.128441587 0.216285750 -0.000575456 0.967844486
1548266086.337280 -0.840878248 0.195640758 -0.205383480 -0.128745824 0.219827265 0.000383849 0.967005849
1548266086.370810 -0.847504199 0.201572344 -0.199866444 -0.128101304 0.225373864 0.004470801 0.965803742
1548266086.404320 -0.860101998 0.201060459 -0.197008610 -0.127765581 0.228054255 0.007114751 0.965202928
1548266086.437840 -0.860812962 0.202556610 -0.199075133 -0.127559170 0.227956042 0.009038213 0.965237319
1548266086.471380 -0.874723732 0.206925288 -0.194592789 -0.126745328 0.231578559 0.011660039 0.964453816
1548266086.504870 -0.882674396 0.205730230 -0.192725286 -0.126347974 0.232743815 0.014095861 0.964192867
1548266086.538370 -0.880465269 0.213599190 -0.194031730 -0.124366917 0.231368646 0.015976613 0.964751899
1548266086.571830 -0.886621535 0.214168087 -0.188931972 -0.124387935 0.232394412 0.017019734 0.964484751
1548266086.605340 -0.912640452 0.214453116 -0.180593193 -0.123486213 0.231828302 0.018536447 0.964708924
1548266086.638860 -0.902345300 0.223369226 -0.187875494 -0.121439904 0.222952858 0.018630225 0.967056096
1548266086.672380 -0.921862721 0.216725454 -0.177039355 -0.121933632 0.222079799 0.021405056 0.967137337
1548266086.705880 -0.919383645 0.247455105 -0.190861389 -0.115788609 0.203356296 0.015786715 0.972105980
1548266086.739410 -0.911031723 0.216812059 -0.183357254 -0.120235167 0.197841570 0.019279918 0.972640991
1548266086.772930 -0.947515130 0.251790524 -0.167667478 -0.112091042 0.202134177 0.018968787 0.972737193
1548266086.806460 -0.940805495 0.232112184 -0.180043578 -0.116257891 0.186250329 0.012241911 0.975522995
1548266086.839980 -0.923970819 0.226499230 -0.187304512 -0.117703296 0.184816048 0.009283199 0.975655079
1548266086.873480 -0.967541337 0.257043302 -0.157292947 -0.111631565 0.191806212 0.012475040 0.974983692
1548266086.906990 -0.939637244 0.250855088 -0.180882931 -0.113683470 0.168594271 0.005808169 0.979090571
1548266086.940450 -0.964275360 0.247443497 -0.173729673 -0.117247939 0.169811949 -0.001248668 0.978476048
1548266086.973970 -0.999742270 0.280254841 -0.146133855 -0.112659596 0.172555745 0.000062774 0.978535891
1548266087.007510 -0.958086073 0.265683770 -0.173659727 -0.116909266 0.148703530 -0.000664698 0.981946588
1548266087.041020 -0.957143068 0.270056725 -0.165086851 -0.119378224 0.144345060 -0.002410408 0.982297063
1548266087.074540 -0.993909299 0.288674712 -0.155937120 -0.117699154 0.145834908 -0.005970991 0.982264459
1548266087.108090 -0.968733191 0.285333097 -0.155600607 -0.119622104 0.140260145 -0.005823719 0.982844770
1548266087.141610 -0.989576697 0.284249693 -0.147650957 -0.120104045 0.144306660 -0.004229251 0.982208073
1548266087.175120 -0.987737536 0.285365671 -0.141183197 -0.119316712 0.141309574 -0.004772555 0.982737184
1548266087.208640 -0.980659544 0.287339985 -0.139217034 -0.117909141 0.140632316 -0.004776888 0.983004153
1548266087.242150 -0.981957197 0.299466729 -0.142621547 -0.114420816 0.144347668 -0.004054715 0.982881069
1548266087.275670 -0.990935206 0.301875800 -0.139899299 -0.114199951 0.147887439 -0.003093114 0.982383966
1548266087.309190 -0.987564683 0.312852204 -0.133913338 -0.112973638 0.148480952 -0.004505673 0.982430756
1548266087.342670 -0.998373508 0.316577733 -0.136325210 -0.113159724 0.152857825 -0.003226873 0.981742859
1548266087.376180 -1.000037432 0.324398965 -0.131866932 -0.113963701 0.151137948 -0.002306559 0.981918693
1548266087.409750 -0.994374931 0.331980765 -0.133772999 -0.115585074 0.150042906 -0.001194675 0.981899083
1548266087.443290 -1.000605583 0.332322955 -0.126340285 -0.118796200 0.151360661 -0.000993796 0.981313646
1548266087.476810 -0.989534318 0.342131734 -0.127645120 -0.120170601 0.149218500 0.000256903 0.981474876
1548266087.510320 -1.004580975 0.335697293 -0.122984186 -0.125365749 0.151959851 0.000887003 0.980403483
1548266087.543840 -1.006827712 0.345967591 -0.114916466 -0.126268551 0.147787139 0.001781338 0.980924129
1548266087.577400 -1.000027180 0.345280945 -0.114815652 -0.129001766 0.145789862 0.002475301 0.980865836
1548266087.610910 -1.005369186 0.348323584 -0.110880494 -0.130461544 0.144730866 0.003610746 0.980826020
1548266087.644430 -1.002156258 0.342947304 -0.108403973 -0.132575333 0.140327588 0.003605149 0.981182456
1548266087.677910 -0.994120777 0.355118722 -0.109091915 -0.129796356 0.137235463 0.004870626 0.981985569
1548266087.711440 -0.996699214 0.354313731 -0.109192915 -0.130228072 0.137008265 0.005305116 0.981957853
1548266087.744940 -0.993595898 0.356509954 -0.107860342 -0.129534647 0.135298952 0.005366665 0.982286274
1548266087.778450 -0.990689993 0.360708624 -0.105623156 -0.128078744 0.134795174 0.004557235 0.982550442
1548266087.811950 -0.995378137 0.358986229 -0.103561834 -0.128235728 0.135302201 0.003774411 0.982463598
1548266087.845460 -0.997483850 0.355828851 -0.099831700 -0.127339542 0.133958504 0.002762001 0.982767642
1548266087.878930 -0.998343825 0.358269662 -0.101001553 -0.123214900 0.131749988 0.001511475 0.983594298
1548266087.912450 -0.994648278 0.363562793 -0.103249103 -0.119986586 0.130500481 -0.000041652 0.984161019
1548266087.945960 -0.996340871 0.367674857 -0.101895273 -0.117122591 0.129908085 -0.000829189 0.984583974
1548266087.979480 -0.993471563 0.372255176 -0.104208305 -0.112898849 0.129240036 -0.000696181 0.985165179
1548266088.013040 -1.005342722 0.374766469 -0.101092711 -0.109975345 0.129386634 0.000376437 0.985476792
1548266088.046510 -1.011623859 0.378869742 -0.106447712 -0.105834723 0.122251235 0.000939716 0.986839831
1548266088.080030 -0.993864834 0.382616818 -0.113326870 -0.104269572 0.115866587 0.001177519 0.987776041
1548266088.113520 -1.001870394 0.387489796 -0.110363588 -0.103643686 0.117480874 0.001600573 0.987650573
1548266088.147020 -0.997375071 0.389831990 -0.111369461 -0.104192741 0.113996729 0.001300457 0.988001585
1548266088.180530 -1.004611373 0.397767603 -0.105902642 -0.103329383 0.116036005 0.001856444 0.987853944
1548266088.213990 -1.007452965 0.397223860 -0.102958307 -0.103821076 0.112997986 0.003715307 0.988149226
1548266088.247560 -0.998797655 0.398551255 -0.101015493 -0.103381932 0.106381737 0.006199598 0.988916993
1548266088.281080 -0.993778825 0.397474229 -0.099696904 -0.103015617 0.106045112 0.007507988 0.988982260
1548266088.314640 -1.011631727 0.400804698 -0.090141937 -0.101660468 0.107427016 0.007728837 0.988971651
1548266088.348260 -0.988144457 0.410362840 -0.092180260 -0.098102316 0.102272503 0.007020532 0.989882350
1548266088.381810 -0.997159481 0.406611234 -0.090751119 -0.097171329 0.106425725 0.007330365 0.989534020
1548266088.415350 -1.013535261 0.409523308 -0.087707147 -0.095088720 0.108365722 0.006117617 0.989534020
1548266088.448870 -0.993041813 0.406985343 -0.091631696 -0.094102301 0.101307251 0.004752120 0.990383327
1548266088.482390 -1.003150821 0.405655563 -0.084139235 -0.092307813 0.105173782 0.003287775 0.990154982
1548266088.515900 -1.003450632 0.400941759 -0.086561330 -0.089620173 0.103988238 0.004449003 0.990522563
1548266088.549440 -1.006177902 0.409741402 -0.083719134 -0.084331550 0.103570469 0.004846400 0.991028726
1548266088.582990 -1.015228748 0.410587192 -0.080656588 -0.080885082 0.105128013 0.005064765 0.991150856
1548266088.616510 -1.012367964 0.411382675 -0.083280921 -0.077670313 0.103197895 0.006897350 0.991599739
1548266088.650020 -1.024576187 0.417913616 -0.082123689 -0.073479466 0.103411697 0.010448497 0.991865754
1548266088.683550 -1.014690995 0.410853535 -0.083707854 -0.073227480 0.098840930 0.014144400 0.992304504
1548266088.717060 -1.018091917 0.405570775 -0.087039411 -0.072128206 0.098158091 0.018237894 0.992385924
1548266088.750580 -1.022766829 0.408772886 -0.082377739 -0.069028936 0.096509241 0.024414299 0.992635369
1548266088.784100 -1.018012285 0.411456287 -0.083328038 -0.066217616 0.092670590 0.027449526 0.993113279
1548266088.817610 -1.017975092 0.404722244 -0.082431912 -0.065813303 0.092223458 0.032066051 0.993043423
1548266088.851130 -1.022964478 0.403227568 -0.079412699 -0.064341791 0.090517186 0.036534481 0.993142486
1548266088.884640 -1.015777469 0.407606423 -0.079484083 -0.062415466 0.085674763 0.038523391 0.993619740
1548266088.918220 -1.016834140 0.404744923 -0.077671893 -0.062055230 0.085331008 0.040159259 0.993607104
1548266088.951730 -1.021952391 0.402176142 -0.076306023 -0.061669283 0.085789882 0.041826915 0.993522823
1548266088.985190 -1.017603159 0.399651825 -0.079230830 -0.061027590 0.083272919 0.045955554 0.993594170
1548266089.018710 -1.014816642 0.400436282 -0.077548176 -0.059910223 0.081272386 0.048562791 0.993703842
1548266089.052140 -1.013499618 0.397739470 -0.078996703 -0.059460692 0.080787338 0.050510567 0.993673265
1548266089.085650 -1.018425822 0.390626878 -0.079662286 -0.059451673 0.081595689 0.052579310 0.993500471
1548266089.119180 -1.020119190 0.380304337 -0.080889016 -0.059899542 0.080762267 0.055141985 0.993402719
1548266089.152770 -1.012291193 0.383410782 -0.082400702 -0.057249691 0.079276770 0.057738770 0.993531048
1548266089.186430 -1.013807893 0.369206727 -0.087939359 -0.057991654 0.079574019 0.061009351 0.993268788
1548266089.219940 -1.019399285 0.359722883 -0.093162678 -0.056443531 0.078837171 0.066658355 0.993053675
1548266089.253240 -1.013505459 0.356851131 -0.093610637 -0.054654449 0.076833725 0.069384791 0.993124008
1548266089.286750 -1.009351969 0.349827260 -0.097347155 -0.052574702 0.076784946 0.074240342 0.992888927
1548266089.319270 -1.007883191 0.342958659 -0.098698348 -0.050583664 0.075910591 0.079326116 0.992666245
1548266089.352780 -1.001557469 0.334080815 -0.108622260 -0.048707772 0.074613601 0.082627140 0.992589116
1548266089.386300 -1.007407665 0.327823579 -0.106339529 -0.046269435 0.077253878 0.088051520 0.992037296
1548266089.419820 -0.998228133 0.323903143 -0.108942457 -0.043267477 0.074281804 0.093002573 0.991947949
1548266089.453330 -0.994978964 0.320077121 -0.117472678 -0.040393032 0.074076891 0.095759608 0.991822124
1548266089.487240 -0.997841716 0.311754525 -0.117794946 -0.039156288 0.077110440 0.097917527 0.991429746
1548266089.520790 -0.997366667 0.298946470 -0.121286549 -0.038221352 0.077923402 0.101524152 0.991039813
1548266089.554310 -0.987222433 0.287251502 -0.134597525 -0.037905242 0.076740906 0.102109522 0.991084099
1548266089.587930 -0.987296820 0.287237972 -0.142258257 -0.034973882 0.081865154 0.102968909 0.990692914
1548266089.621340 -0.983644903 0.284304440 -0.128367573 -0.033704743 0.083743609 0.104807958 0.990386963
1548266089.654860 -0.980490685 0.292807847 -0.128968894 -0.030096004 0.083221659 0.102801263 0.990757465
1548266089.688370 -0.985123098 0.285968453 -0.136368290 -0.029411556 0.090082541 0.102833331 0.990174413
1548266089.721920 -0.979237318 0.268601149 -0.140072137 -0.031012496 0.090874434 0.106837943 0.989629090
1548266089.755430 -0.975983799 0.274161965 -0.139199570 -0.028726876 0.089074664 0.105462052 0.990009248
1548266089.788950 -0.970974743 0.271437347 -0.147596151 -0.028557343 0.090480432 0.107095085 0.989711285
1548266089.822470 -0.968963325 0.269996136 -0.143270344 -0.028606271 0.092019558 0.108405948 0.989425242
1548266089.855950 -0.965482950 0.267878026 -0.147419140 -0.028475938 0.091036797 0.110623293 0.989274442
1548266089.889450 -0.964982927 0.266575426 -0.147358522 -0.028572692 0.091598712 0.111229144 0.989151895
1548266089.922970 -0.959764540 0.264227182 -0.147347718 -0.029419247 0.091670446 0.113569804 0.988854349
1548266089.956500 -0.960597873 0.262103736 -0.148384035 -0.030441590 0.091510460 0.114351451 0.988748193
1548266089.990000 -0.955039740 0.268003225 -0.148841918 -0.030765673 0.091673248 0.114133537 0.988748252
1548266090.023470 -0.952217638 0.257113278 -0.151502088 -0.034064412 0.091887757 0.116029501 0.988399446
1548266090.056990 -0.950645208 0.262221307 -0.149362788 -0.034618955 0.091555901 0.115185402 0.988509715
1548266090.090510 -0.949528873 0.263727695 -0.149909258 -0.035555992 0.093942285 0.115215793 0.988249004
1548266090.124110 -0.944074333 0.259693265 -0.144315362 -0.037416521 0.094709419 0.116761222 0.987925589
1548266090.157630 -0.942027867 0.256492972 -0.147617191 -0.039003581 0.094240487 0.116054237 0.987992406
1548266090.191230 -0.940505028 0.260761976 -0.144319072 -0.039357610 0.095579542 0.115035877 0.987968802
1548266090.224570 -0.937024951 0.257458210 -0.141912937 -0.040281400 0.096254274 0.116330177 0.987714529
1548266090.258360 -0.936577260 0.257056683 -0.143093348 -0.040787995 0.096307598 0.114901274 0.987855792
1548266090.291880 -0.932249248 0.252951354 -0.143060237 -0.041914657 0.097231299 0.114337191 0.987783551
1548266090.325390 -0.933908701 0.250955105 -0.143151835 -0.041964229 0.097635046 0.113888070 0.987793505
1548266090.358910 -0.927748203 0.254317552 -0.144892991 -0.041064460 0.096940301 0.111254580 0.988199770
1548266090.392430 -0.924232185 0.249869809 -0.144571751 -0.041284125 0.099147737 0.110522203 0.988053739
1548266090.425920 -0.929855406 0.246353984 -0.146190196 -0.040640734 0.101190895 0.109354019 0.988003314
1548266090.459440 -0.923870862 0.247139528 -0.148097396 -0.039689772 0.101332746 0.106989205 0.988286316
1548266090.493000 -0.923378587 0.246518731 -0.148676336 -0.038757727 0.104323752 0.106454641 0.988069773
1548266090.526560 -0.928034186 0.240562558 -0.150757790 -0.038555451 0.105718300 0.106606841 0.987913013
1548266090.560070 -0.935126483 0.241313890 -0.148897707 -0.037198205 0.105972089 0.104326621 0.988181293
1548266090.593550 -0.918430507 0.245577976 -0.151406139 -0.035730090 0.103596196 0.104778320 0.988439560
1548266090.627020 -0.921442807 0.243129075 -0.155309066 -0.035266917 0.105189435 0.104133487 0.988356054
1548266090.660460 -0.919437230 0.246618271 -0.155195549 -0.034313332 0.104746521 0.102277845 0.988630414
1548266090.693980 -0.914817274 0.244497955 -0.162377596 -0.035031963 0.104314119 0.100848950 0.988797724
1548266090.727570 -0.916830540 0.248599201 -0.158981130 -0.034833569 0.105572321 0.099268779 0.988831043
1548266090.761010 -0.917358458 0.249399513 -0.159106091 -0.035953760 0.105724879 0.097419277 0.988958597
1548266090.794530 -0.919056416 0.253005028 -0.160822034 -0.036532931 0.106224075 0.095898427 0.989032567
1548266090.828040 -0.913828671 0.250988185 -0.162901491 -0.038688399 0.105858915 0.094652362 0.989109755
1548266090.861680 -0.917984664 0.248995602 -0.161411703 -0.040702820 0.107310355 0.095036849 0.988835633
1548266090.895440 -0.910586238 0.251869112 -0.162657827 -0.042826835 0.105412491 0.093216419 0.989123285
1548266090.928950 -0.912198186 0.247341961 -0.160315394 -0.046414550 0.107201621 0.091616474 0.988918602
1548266090.962470 -0.907201529 0.246170491 -0.160901353 -0.049031690 0.106957003 0.090317212 0.988938332
1548266090.995570 -0.902943850 0.245489329 -0.159261078 -0.051457714 0.107271530 0.087872095 0.989001215
1548266091.028730 -0.902365685 0.242671400 -0.163430378 -0.053540729 0.109459214 0.084911644 0.988909543
1548266091.062240 -0.901822984 0.242588326 -0.162010878 -0.054800741 0.112286456 0.084487654 0.988559842
1548266091.095760 -0.898377299 0.239017278 -0.157434940 -0.056021370 0.111360915 0.082622759 0.988753736
1548266091.129380 -0.888081312 0.239876390 -0.163181961 -0.055923518 0.111657284 0.080670603 0.988887072
1548266091.163350 -0.883653045 0.238512784 -0.158017680 -0.055504289 0.115059622 0.081228592 0.988474846
1548266091.196700 -0.881971836 0.234679803 -0.159145698 -0.054278284 0.116560794 0.081913166 0.988310575
1548266091.230220 -0.880120873 0.232906282 -0.164380789 -0.051876564 0.119495794 0.081206433 0.988147378
1548266091.263740 -0.878541112 0.241208643 -0.163105652 -0.047357436 0.123491280 0.082068741 0.987811685
1548266091.297260 -0.877853334 0.237458467 -0.162097260 -0.045695074 0.125430465 0.082601704 0.987601221
1548266091.330770 -0.876045287 0.242070884 -0.164674789 -0.042844530 0.125530601 0.081394672 0.987816453
1548266091.364280 -0.871264696 0.246319532 -0.167056367 -0.041065957 0.125710696 0.080468640 0.987944961
1548266091.397780 -0.878241360 0.245076001 -0.168249473 -0.040161617 0.127391994 0.080234312 0.987785876
1548266091.431300 -0.874166846 0.245209500 -0.171228006 -0.039548486 0.126798391 0.080784328 0.987842083
